& Bi  2  359 a ! ELEMENT  LDIM  NMAX
& T T
& 0.0 0.0
& 0 = L
  0.689695789594E-04  0.179106196562E-03
  0.712122976091E-04  0.184930283212E-03
  0.735279438744E-04  0.190943754627E-03
  0.759188891794E-04  0.197152769125E-03
  0.783875820611E-04  0.203563685279E-03
  0.809365506766E-04  0.210183068427E-03
  0.835684053926E-04  0.217017697395E-03
  0.862858414583E-04  0.224074571439E-03
  0.890916417657E-04  0.231360917414E-03
  0.919886796994E-04  0.238884197173E-03
  0.949799220796E-04  0.246652115212E-03
  0.980684321997E-04  0.254672626556E-03
  0.101257372964E-03  0.262953944908E-03
  0.104550010127E-03  0.271504551061E-03
  0.107949715635E-03  0.280333201579E-03
  0.111459971086E-03  0.289448937771E-03
  0.115084371287E-03  0.298861094945E-03
  0.118826627941E-03  0.308579311970E-03
  0.122690573446E-03  0.318613541148E-03
  0.126680164819E-03  0.328974058402E-03
  0.130799487750E-03  0.339671473804E-03
  0.135052760787E-03  0.350716742440E-03
  0.139444339652E-03  0.362121175625E-03
  0.143978721707E-03  0.373896452492E-03
  0.148660550554E-03  0.386054631948E-03
  0.153494620795E-03  0.398608165027E-03
  0.158485882941E-03  0.411569907638E-03
  0.163639448480E-03  0.424953133731E-03
  0.168960595114E-03  0.438771548894E-03
  0.174454772162E-03  0.453039304382E-03
  0.180127606142E-03  0.467771011616E-03
  0.185984906530E-03  0.482981757144E-03
  0.192032671715E-03  0.498687118086E-03
  0.198277095136E-03  0.514903178095E-03
  0.204724571629E-03  0.531646543820E-03
  0.211381703973E-03  0.548934361919E-03
  0.218255309653E-03  0.566784336612E-03
  0.225352427843E-03  0.585214747818E-03
  0.232680326611E-03  0.604244469870E-03
  0.240246510366E-03  0.623892990847E-03
  0.248058727541E-03  0.644180432530E-03
  0.256124978530E-03  0.665127571009E-03
  0.264453523878E-03  0.686755857957E-03
  0.273052892744E-03  0.709087442602E-03
  0.281931891632E-03  0.732145194406E-03
  0.291099613414E-03  0.755952726488E-03
  0.300565446638E-03  0.780534419801E-03
  0.310339085143E-03  0.805915448107E-03
  0.320430537991E-03  0.832121803749E-03
  0.330850139710E-03  0.859180324275E-03
  0.341608560883E-03  0.887118719918E-03
  0.352716819074E-03  0.915965601975E-03
  0.364186290109E-03  0.945750512105E-03
  0.376028719730E-03  0.976503952584E-03
  0.388256235618E-03  0.100825741754E-02
  0.400881359820E-03  0.104104342521E-02
  0.413917021565E-03  0.107489555122E-02
  0.427376570509E-03  0.110984846300E-02
  0.441273790408E-03  0.114593795527E-02
  0.455622913229E-03  0.118320098669E-02
  0.470438633727E-03  0.122167571771E-02
  0.485736124495E-03  0.126140154965E-02
  0.501531051500E-03  0.130241916506E-02
  0.517839590128E-03  0.134477056937E-02
  0.534678441747E-03  0.138849913390E-02
  0.552064850813E-03  0.143364964029E-02
  0.570016622528E-03  0.148026832633E-02
  0.588552141075E-03  0.152840293335E-02
  0.607690388445E-03  0.157810275508E-02
  0.627450963875E-03  0.162941868813E-02
  0.647854103921E-03  0.168240328411E-02
  0.668920703182E-03  0.173711080346E-02
  0.690672335697E-03  0.179359727100E-02
  0.713131277037E-03  0.185192053329E-02
  0.736320527121E-03  0.191214031788E-02
  0.760263833768E-03  0.197431829449E-02
  0.784985717016E-03  0.203851813810E-02
  0.810511494234E-03  0.210480559422E-02
  0.836867306047E-03  0.217324854618E-02
  0.864080143111E-03  0.224391708461E-02
  0.892177873749E-03  0.231688357929E-02
  0.921189272492E-03  0.239222275317E-02
  0.951144049547E-03  0.247001175894E-02
  0.982072881224E-03  0.255033025801E-02
  0.101400744135E-02  0.263326050206E-02
  0.104698043370E-02  0.271888741730E-02
  0.108102562551E-02  0.280729869139E-02
  0.111617788202E-02  0.289858486324E-02
  0.115247320222E-02  0.299283941570E-02
  0.118994875569E-02  0.309015887130E-02
  0.122864292067E-02  0.319064289106E-02
  0.126859532336E-02  0.329439437651E-02
  0.130984687851E-02  0.340151957507E-02
  0.135243983133E-02  0.351212818882E-02
  0.139641780073E-02  0.362633348680E-02
  0.144182582397E-02  0.374425242100E-02
  0.148871040285E-02  0.386600574606E-02
  0.153711955127E-02  0.399171814290E-02
  0.158710284443E-02  0.412151834636E-02
  0.163871146960E-02  0.425553927700E-02
  0.169199827850E-02  0.439391817712E-02
  0.174701784150E-02  0.453679675131E-02
  0.180382650343E-02  0.468432131143E-02
  0.186248244133E-02  0.483664292641E-02
  0.192304572399E-02  0.499391757687E-02
  0.198557837352E-02  0.515630631477E-02
  0.205014442882E-02  0.532397542821E-02
  0.211681001116E-02  0.549709661165E-02
  0.218564339193E-02  0.567584714158E-02
  0.225671506252E-02  0.586041005798E-02
  0.233009780654E-02  0.605097435156E-02
  0.240586677432E-02  0.624773515718E-02
  0.248409955992E-02  0.645089395349E-02
  0.256487628054E-02  0.666065876907E-02
  0.264827965860E-02  0.687724439523E-02
  0.273439510644E-02  0.710087260576E-02
  0.282331081382E-02  0.733177238377E-02
  0.291511783819E-02  0.757018015588E-02
  0.300991019796E-02  0.781634003406E-02
  0.310778496879E-02  0.807050406520E-02
  0.320884238300E-02  0.833293248892E-02
  0.331318593221E-02  0.860389400359E-02
  0.342092247334E-02  0.888366604104E-02
  0.353216233801E-02  0.917253505015E-02
  0.364701944558E-02  0.947079678968E-02
  0.376561141975E-02  0.977875663042E-02
  0.388805970907E-02  0.100967298673E-01
  0.401448971128E-02  0.104250420415E-01
  0.414503090177E-02  0.107640292731E-01
  0.427981696611E-02  0.111140386039E-01
  0.441898593701E-02  0.114754283527E-01
  0.456268033566E-02  0.118485684800E-01
  0.471104731768E-02  0.122338409667E-01
  0.486423882382E-02  0.126316402032E-01
  0.502241173558E-02  0.130423733921E-01
  0.518572803584E-02  0.134664609635E-01
  0.535435497475E-02  0.139043370038E-01
  0.552846524105E-02  0.143564496980E-01
  0.570823713886E-02  0.148232617870E-01
  0.589385477030E-02  0.153052510385E-01
  0.608550822406E-02  0.158029107339E-01
  0.628339377002E-02  0.163167501706E-01
  0.648771406027E-02  0.168472951802E-01
  0.669867833665E-02  0.173950886634E-01
  0.691650264499E-02  0.179606911422E-01
  0.714141005645E-02  0.185446813296E-01
  0.737363089584E-02  0.191476567175E-01
  0.761340297762E-02  0.197702341834E-01
  0.786097184933E-02  0.204130506162E-01
  0.811659104315E-02  0.210767635626E-01
  0.838052233545E-02  0.217620518930E-01
  0.865303601495E-02  0.224696164892E-01
  0.893441115947E-02  0.232001809541E-01
  0.922493592175E-02  0.239544923430E-01
  0.952490782453E-02  0.247333219187E-01
  0.983463406524E-02  0.255374659302E-01
  0.101544318306E-01  0.263677464154E-01
  0.104846286216E-01  0.272250120298E-01
  0.108255625884E-01  0.281101389001E-01
  0.111775828773E-01  0.290240315055E-01
  0.115410499878E-01  0.299676235854E-01
  0.119163361420E-01  0.309418790758E-01
  0.123038256657E-01  0.319477930744E-01
  0.127039153821E-01  0.329863928359E-01
  0.131170150179E-01  0.340587387965E-01
  0.135435476233E-01  0.351659256314E-01
  0.139839500050E-01  0.363090833433E-01
  0.144386731735E-01  0.374893783837E-01
  0.149081828050E-01  0.387080148089E-01
  0.153929597185E-01  0.399662354700E-01
  0.158935003678E-01  0.412653232379E-01
  0.164103173503E-01  0.426066022651E-01
  0.169439399318E-01  0.439914392848E-01
  0.174949145884E-01  0.454212449468E-01
  0.180638055664E-01  0.468974751928E-01
  0.186511954597E-01  0.484216326713E-01
  0.192576858070E-01  0.499952681916E-01
  0.198838977074E-01  0.516199822196E-01
  0.205304724566E-01  0.532974264149E-01
  0.211980722036E-01  0.550293052099E-01
  0.218873806289E-01  0.568173774315E-01
  0.225991036447E-01  0.586634579666E-01
  0.233339701173E-01  0.605694194708E-01
  0.240927326144E-01  0.625371941215E-01
  0.248761681750E-01  0.645687754156E-01
  0.256850791056E-01  0.666662200108E-01
  0.265202938017E-01  0.688316496128E-01
  0.273826675961E-01  0.710672529065E-01
  0.282730836349E-01  0.733752875308E-01
  0.291924537820E-01  0.757580820988E-01
  0.301417195527E-01  0.782180382596E-01
  0.311218530782E-01  0.807576328039E-01
  0.321338581007E-01  0.833794198104E-01
  0.331787710020E-01  0.860860328319E-01
  0.342576618641E-01  0.888801871203E-01
  0.353716355655E-01  0.917646818873E-01
  0.365218329126E-01  0.947424025996E-01
  0.377094318081E-01  0.978163233042E-01
  0.389356484570E-01  0.100989508982E+00
  0.402017386123E-01  0.104265117926E+00
  0.415089988609E-01  0.107646404136E+00
  0.428587679515E-01  0.111136719729E+00
  0.442524281658E-01  0.114739517360E+00
  0.456914067334E-01  0.118458352639E+00
  0.471771772943E-01  0.122296886549E+00
  0.487112614072E-01  0.126258887840E+00
  0.502952301084E-01  0.130348235407E+00
  0.519307055203E-01  0.134568920628E+00
  0.536193625126E-01  0.138925049655E+00
  0.553629304175E-01  0.143420845643E+00
  0.571631948011E-01  0.148060650902E+00
  0.590219992913E-01  0.152848928954E+00
  0.609412474663E-01  0.157790266480E+00
  0.629229048041E-01  0.162889375124E+00
  0.649690006949E-01  0.168151093146E+00
  0.670816305197E-01  0.173580386885E+00
  0.692629577960E-01  0.179182352005E+00
  0.715152163936E-01  0.184962214499E+00
  0.738407128220E-01  0.190925331404E+00
  0.762418285930E-01  0.197077191193E+00
  0.787210226587E-01  0.203423413798E+00
  0.812808339306E-01  0.209969750220E+00
  0.839238838792E-01  0.216722081659E+00
  0.866528792184E-01  0.223686418123E+00
  0.894706146781E-01  0.230868896432E+00
  0.923799758656E-01  0.238275777562E+00
  0.953839422209E-01  0.245913443231E+00
  0.984855900681E-01  0.253788391661E+00
  0.101688095766E+00  0.261907232400E+00
  0.104994738959E+00  0.270276680116E+00
  0.108408905940E+00  0.278903547239E+00
  0.111934093114E+00  0.287794735322E+00
  0.115573910581E+00  0.296957224996E+00
  0.119332085831E+00  0.306398064357E+00
  0.123212467565E+00  0.316124355625E+00
  0.127219029633E+00  0.326143239903E+00
  0.131355875104E+00  0.336461879827E+00
  0.135627240470E+00  0.347087439909E+00
  0.140037499981E+00  0.358027064339E+00
  0.144591170130E+00  0.369287851992E+00
  0.149292914272E+00  0.380876828380E+00
  0.154147547403E+00  0.392800914249E+00
  0.159160041094E+00  0.405066890508E+00
  0.164335528574E+00  0.417681359157E+00
  0.169679309997E+00  0.430650699848E+00
  0.175196857860E+00  0.443981021678E+00
  0.180893822615E+00  0.457678109818E+00
  0.186776038451E+00  0.471747366511E+00
  0.192849529272E+00  0.486193745987E+00
  0.199120514864E+00  0.501021682773E+00
  0.205595417262E+00  0.516235012894E+00
  0.212280867334E+00  0.531836887385E+00
  0.219183711563E+00  0.547829677563E+00
  0.226311019067E+00  0.564214871431E+00
  0.233670088830E+00  0.580992960620E+00
  0.241268457183E+00  0.598163317217E+00
  0.249113905519E+00  0.615724059852E+00
  0.257214468264E+00  0.633671908405E+00
  0.265578441100E+00  0.652002026702E+00
  0.274214389467E+00  0.670707852599E+00
  0.283131157332E+00  0.689780914896E+00
  0.292337876242E+00  0.709210636570E+00
  0.301843974684E+00  0.728984123913E+00
  0.311659187732E+00  0.749085941245E+00
  0.321793567022E+00  0.769497871038E+00
  0.332257491045E+00  0.790198659454E+00
  0.343061675773E+00  0.811163747508E+00
  0.354217185635E+00  0.832364988361E+00
  0.365735444848E+00  0.853770351564E+00
  0.377628249116E+00  0.875343615484E+00
  0.389907777710E+00  0.897044049596E+00
  0.402586605940E+00  0.918826088921E+00
  0.415677718035E+00  0.940639003514E+00
  0.429194520436E+00  0.962426566692E+00
  0.443150855531E+00  0.984126726578E+00
  0.457561015827E+00  0.100567128653E+01
  0.472439758587E+00  0.102698560122E+01
  0.487802320943E+00  0.104798829632E+01
  0.503664435502E+00  0.106859102140E+01
  0.520042346455E+00  0.108869824697E+01
  0.536952826215E+00  0.110820711855E+01
  0.554413192590E+00  0.112700738251E+01
  0.572441326521E+00  0.114498140017E+01
  0.591055690393E+00  0.116200426913E+01
  0.610275346941E+00  0.117794407239E+01
  0.630119978773E+00  0.119266227822E+01
  0.650609908526E+00  0.120601431544E+01
  0.671766119678E+00  0.121785035032E+01
  0.693610278038E+00  0.122801629257E+01
  0.716164753934E+00  0.123635505822E+01
  0.739452645119E+00  0.124270811688E+01
  0.763497800430E+00  0.124691734910E+01
  0.788324844206E+00  0.124882723623E+01
  0.813959201510E+00  0.124828739999E+01
  0.840427124163E+00  0.124515550082E+01
  0.867755717631E+00  0.123930049331E+01
  0.895972968783E+00  0.123060622210E+01
  0.925107774549E+00  0.121897532242E+01
  0.955189971515E+00  0.120433336558E+01
  0.986250366481E+00  0.118663315944E+01
  0.101832076801E+01  0.116585907864E+01
  0.105143401898E+01  0.114203125644E+01
  0.108562403027E+01  0.111520942240E+01
  0.112092581544E+01  0.108549611536E+01
  0.115737552659E+01  0.105303894366E+01
  0.119501049141E+01  0.101803150372E+01
  0.123386925141E+01  0.980712510478E+00
  0.127399160133E+01  0.941362640958E+00
  0.131541862999E+01  0.900298555679E+00
  0.135819276227E+01  0.857863548509E+00
  0.140235780262E+01  0.814414297808E+00
  0.144795897991E+01  0.770303264032E+00
  0.149504299372E+01  0.725856419047E+00
  0.154365806220E+01  0.681346219454E+00
  0.159385397142E+01  0.636959296354E+00
  0.164568212640E+01  0.592830645224E+00
  0.169919560367E+01  0.549250586872E+00
  0.175444920573E+01  0.506535207676E+00
  0.181149951708E+01  0.464968148304E+00
  0.187040496224E+01  0.424799245354E+00
  0.193122586552E+01  0.386243673267E+00
  0.199402451285E+01  0.349481561727E+00
  0.205886521552E+01  0.314658067179E+00
  0.212581437609E+01  0.281883884039E+00
  0.219494055635E+01  0.251236190760E+00
  0.226631454753E+01  0.222760032588E+00
  0.234000944285E+01  0.196470142363E+00
  0.241610071232E+01  0.172353189965E+00
  0.249466628006E+01  0.150370430317E+00
  0.257578660405E+01  0.130460692708E+00
  0.265954475861E+01  0.112543627026E+00
  0.274602651941E+01  0.965231010578E-01
  0.283532045132E+01  0.822906319223E-01
  0.292751799914E+01  0.697287354264E-01
  0.302271358121E+01  0.587140886991E-01
  0.312100468612E+01  0.491204212739E-01
  0.322249197256E+01  0.408210745219E-01
  0.332727937237E+01  0.336911957185E-01
  0.343547419702E+01  0.276095580891E-01
  0.354718724744E+01  0.224600194029E-01
  0.366253292758E+01  0.181326471553E-01
  0.378162936148E+01  0.145245471000E-01
  0.390459851431E+01  0.115404340967E-01
  0.403156631721E+01  0.909298140703E-02
  0.416266279632E+01  0.710297903938E-02
  0.429802220588E+01  0.549932593286E-02
  0.443778316576E+01  0.421887647086E-02
  0.458208880340E+01  0.320615978320E-02
  0.473108690037E+01  0.241299032624E-02
  0.488493004375E+01  0.179798949713E-02
  0.504377578237E+01  0.132603955747E-02
  0.520778678813E+01  0.967692088999E-03
  0.537713102264E+01  0.698553092470E-03
  0.555198190919E+01  0.498665525225E-03
  0.573251851038E+01  0.351907679537E-03
  0.591892571145E+01  0.245422621527E-03
  0.611139440968E+01  0.169090293360E-03
  0.631012170981E+01  0.115050173748E-03
  0.651531112599E+01  0.772788830219E-04
& 1 = L
  0.689695789594E-04  0.878805437181E-08
  0.712122976091E-04  0.936887796328E-08
  0.735279438744E-04  0.998808957884E-08
  0.759188891794E-04  0.106482263750E-07
  0.783875820611E-04  0.113519931952E-07
  0.809365506766E-04  0.121022736522E-07
  0.835684053926E-04  0.129021419437E-07
  0.862858414583E-04  0.137548754487E-07
  0.890916417657E-04  0.146639681559E-07
  0.919886796994E-04  0.156331449800E-07
  0.949799220796E-04  0.166663770243E-07
  0.980684321997E-04  0.177678978518E-07
  0.101257372964E-03  0.189422208319E-07
  0.104550010127E-03  0.201941576334E-07
  0.107949715635E-03  0.215288379396E-07
  0.111459971086E-03  0.229517304671E-07
  0.115084371287E-03  0.244686653730E-07
  0.118826627941E-03  0.260858581433E-07
  0.122690573446E-03  0.278099350605E-07
  0.126680164819E-03  0.296479603539E-07
  0.130799487750E-03  0.316074651447E-07
  0.135052760787E-03  0.336964783037E-07
  0.139444339652E-03  0.359235593492E-07
  0.143978721707E-03  0.382978335183E-07
  0.148660550554E-03  0.408290291572E-07
  0.153494620795E-03  0.435275175813E-07
  0.158485882941E-03  0.464043555712E-07
  0.163639448480E-03  0.494713306767E-07
  0.168960595114E-03  0.527410095147E-07
  0.174454772162E-03  0.562267892598E-07
  0.180127606142E-03  0.599429525380E-07
  0.185984906530E-03  0.639047259479E-07
  0.192032671715E-03  0.681283424506E-07
  0.198277095136E-03  0.726311078820E-07
  0.204724571629E-03  0.774314718620E-07
  0.211381703973E-03  0.825491033899E-07
  0.218255309653E-03  0.880049714359E-07
  0.225352427843E-03  0.938214308594E-07
  0.232680326611E-03  0.100022314005E-06
  0.240246510366E-03  0.106633028356E-06
  0.248058727541E-03  0.113680660632E-06
  0.256124978530E-03  0.121194087783E-06
  0.264453523878E-03  0.129204095302E-06
  0.273052892744E-03  0.137743503369E-06
  0.281931891632E-03  0.146847301328E-06
  0.291099613414E-03  0.156552791052E-06
  0.300565446638E-03  0.166899739780E-06
  0.310339085143E-03  0.177930543066E-06
  0.320430537991E-03  0.189690398482E-06
  0.330850139710E-03  0.202227490817E-06
  0.341608560883E-03  0.215593189505E-06
  0.352716819074E-03  0.229842259105E-06
  0.364186290109E-03  0.245033083698E-06
  0.376028719730E-03  0.261227906102E-06
  0.388256235618E-03  0.278493082910E-06
  0.400881359820E-03  0.296899356378E-06
  0.413917021565E-03  0.316522144281E-06
  0.427376570509E-03  0.337441848931E-06
  0.441273790408E-03  0.359744186617E-06
  0.455622913229E-03  0.383520538812E-06
  0.470438633727E-03  0.408868326607E-06
  0.485736124495E-03  0.435891409873E-06
  0.501531051500E-03  0.464700512822E-06
  0.517839590128E-03  0.495413677682E-06
  0.534678441747E-03  0.528156748360E-06
  0.552064850813E-03  0.563063886077E-06
  0.570016622528E-03  0.600278119071E-06
  0.588552141075E-03  0.639951928640E-06
  0.607690388445E-03  0.682247873916E-06
  0.627450963875E-03  0.727339257929E-06
  0.647854103921E-03  0.775410837690E-06
  0.668920703182E-03  0.826659581217E-06
  0.690672335697E-03  0.881295474574E-06
  0.713131277037E-03  0.939542382270E-06
  0.736320527121E-03  0.100163896451E-05
  0.760263833768E-03  0.106783965506E-05
  0.784985717016E-03  0.113841570377E-05
  0.810511494234E-03  0.121365628798E-05
  0.836867306047E-03  0.129386969736E-05
  0.864080143111E-03  0.137938459710E-05
  0.892177873749E-03  0.147055137457E-05
  0.921189272492E-03  0.156774357493E-05
  0.951144049547E-03  0.167135943175E-05
  0.982072881224E-03  0.178182349862E-05
  0.101400744135E-02  0.189958838874E-05
  0.104698043370E-02  0.202513662941E-05
  0.108102562551E-02  0.215898263909E-05
  0.111617788202E-02  0.230167483514E-05
  0.115247320222E-02  0.245379788085E-05
  0.118994875569E-02  0.261597508098E-05
  0.122864292067E-02  0.278887093564E-05
  0.126859532336E-02  0.297319386291E-05
  0.130984687851E-02  0.316969910144E-05
  0.135243983133E-02  0.337919180490E-05
  0.139641780073E-02  0.360253034083E-05
  0.144182582397E-02  0.384062980768E-05
  0.148871040285E-02  0.409446578414E-05
  0.153711955127E-02  0.436507832633E-05
  0.158710284443E-02  0.465357622912E-05
  0.163871146960E-02  0.496114156916E-05
  0.169199827850E-02  0.528903454802E-05
  0.174701784150E-02  0.563859865551E-05
  0.180382650343E-02  0.601126617419E-05
  0.186248244133E-02  0.640856404764E-05
  0.192304572399E-02  0.683212013659E-05
  0.198557837352E-02  0.728366988847E-05
  0.205014442882E-02  0.776506344771E-05
  0.211681001116E-02  0.827827323597E-05
  0.218564339193E-02  0.882540203327E-05
  0.225671506252E-02  0.940869159321E-05
  0.233009780654E-02  0.100305318274E-04
  0.240586677432E-02  0.106934705972E-04
  0.248409955992E-02  0.114002241518E-04
  0.256487628054E-02  0.121536882568E-04
  0.264827965860E-02  0.129569500582E-04
  0.273439510644E-02  0.138133007294E-04
  0.282331081382E-02  0.147262489553E-04
  0.291511783819E-02  0.156995353063E-04
  0.300991019796E-02  0.167371475629E-04
  0.310778496879E-02  0.178433370522E-04
  0.320884238300E-02  0.190226360647E-04
  0.331318593221E-02  0.202798764212E-04
  0.342092247334E-02  0.216202092666E-04
  0.353216233801E-02  0.230491261725E-04
  0.364701944558E-02  0.245724816325E-04
  0.376561141975E-02  0.261965170453E-04
  0.388805970907E-02  0.279278862813E-04
  0.401448971128E-02  0.297736829390E-04
  0.414503090177E-02  0.317414694020E-04
  0.427981696611E-02  0.338393078151E-04
  0.441898593701E-02  0.360757931080E-04
  0.456268033566E-02  0.384600881993E-04
  0.471104731768E-02  0.410019615268E-04
  0.486423882382E-02  0.437118270570E-04
  0.502241173558E-02  0.466007869367E-04
  0.518572803584E-02  0.496806769629E-04
  0.535435497475E-02  0.529641150553E-04
  0.552846524105E-02  0.564645529302E-04
  0.570823713886E-02  0.601963311877E-04
  0.589385477030E-02  0.641747380363E-04
  0.608550822406E-02  0.684160718961E-04
  0.628339377002E-02  0.729377081355E-04
  0.648771406027E-02  0.777581702150E-04
  0.669867833665E-02  0.828972055275E-04
  0.691650264499E-02  0.883758662469E-04
  0.714141005645E-02  0.942165955127E-04
  0.737363089584E-02  0.100443319305E-03
  0.761340297762E-02  0.107081544385E-03
  0.786097184933E-02  0.114158462693E-03
  0.811659104315E-02  0.121703062647E-03
  0.838052233545E-02  0.129746247778E-03
  0.865303601495E-02  0.138320963193E-03
  0.893441115947E-02  0.147462330385E-03
  0.922493592175E-02  0.157207790935E-03
  0.952490782453E-02  0.167597259690E-03
  0.983463406524E-02  0.178673288044E-03
  0.101544318306E-01  0.190481237988E-03
  0.104846286216E-01  0.203069467634E-03
  0.108255625884E-01  0.216489528963E-03
  0.111775828773E-01  0.230796378616E-03
  0.115410499878E-01  0.246048602567E-03
  0.119163361420E-01  0.262308655602E-03
  0.123038256657E-01  0.279643116571E-03
  0.127039153821E-01  0.298122960447E-03
  0.131170150179E-01  0.317823848302E-03
  0.135435476233E-01  0.338826436363E-03
  0.139839500050E-01  0.361216705407E-03
  0.144386731735E-01  0.385086311830E-03
  0.149081828050E-01  0.410532961794E-03
  0.153929597185E-01  0.437660809976E-03
  0.158935003678E-01  0.466580884522E-03
  0.164103173503E-01  0.497411539919E-03
  0.169439399318E-01  0.530278939595E-03
  0.174949145884E-01  0.565317570210E-03
  0.180638055664E-01  0.602670789683E-03
  0.186511954597E-01  0.642491411148E-03
  0.192576858070E-01  0.684942325195E-03
  0.198838977074E-01  0.730197162866E-03
  0.205304724566E-01  0.778441002049E-03
  0.211980722036E-01  0.829871120097E-03
  0.218873806289E-01  0.884697795642E-03
  0.225991036447E-01  0.943145162798E-03
  0.233339701173E-01  0.100545212113E-02
  0.240927326144E-01  0.107187330497E-02
  0.248761681750E-01  0.114268011589E-02
  0.256850791056E-01  0.121816182246E-02
  0.265202938017E-01  0.129862673142E-02
  0.273826675961E-01  0.138440343506E-02
  0.282730836349E-01  0.147584213948E-02
  0.291924537820E-01  0.157331607898E-02
  0.301417195527E-01  0.167722302196E-02
  0.311218530782E-01  0.178798687421E-02
  0.321338581007E-01  0.190605938562E-02
  0.331787710020E-01  0.203192196694E-02
  0.342576618641E-01  0.216608762335E-02
  0.353716355655E-01  0.230910301215E-02
  0.365218329126E-01  0.246155063240E-02
  0.377094318081E-01  0.262405115447E-02
  0.389356484570E-01  0.279726589826E-02
  0.402017386123E-01  0.298189946914E-02
  0.415089988609E-01  0.317870256121E-02
  0.428587679515E-01  0.338847493793E-02
  0.442524281658E-01  0.361206860095E-02
  0.456914067334E-01  0.385039115819E-02
  0.471771772943E-01  0.410440940306E-02
  0.487112614072E-01  0.437515311724E-02
  0.502952301084E-01  0.466371910994E-02
  0.519307055203E-01  0.497127550730E-02
  0.536193625126E-01  0.529906630630E-02
  0.553629304175E-01  0.564841620782E-02
  0.571631948011E-01  0.602073574466E-02
  0.590219992913E-01  0.641752672049E-02
  0.609412474663E-01  0.684038797654E-02
  0.629229048041E-01  0.729102150353E-02
  0.649690006949E-01  0.777123891657E-02
  0.670816305197E-01  0.828296831181E-02
  0.692629577960E-01  0.882826152357E-02
  0.715152163936E-01  0.940930180145E-02
  0.738407128220E-01  0.100284119272E-01
  0.762418285930E-01  0.106880627912E-01
  0.787210226587E-01  0.113908824488E-01
  0.812808339306E-01  0.121396656765E-01
  0.839238838792E-01  0.129373840475E-01
  0.866528792184E-01  0.137871965465E-01
  0.894706146781E-01  0.146924607423E-01
  0.923799758656E-01  0.156567445355E-01
  0.953839422209E-01  0.166838384984E-01
  0.984855900681E-01  0.177777688207E-01
  0.101688095766E+00  0.189428108743E-01
  0.104994738959E+00  0.201835034066E-01
  0.108408905940E+00  0.215046633676E-01
  0.111934093114E+00  0.229114013740E-01
  0.115573910581E+00  0.244091378066E-01
  0.119332085831E+00  0.260036195320E-01
  0.123212467565E+00  0.277009372323E-01
  0.127219029633E+00  0.295075433196E-01
  0.131355875104E+00  0.314302703991E-01
  0.135627240470E+00  0.334763502374E-01
  0.140037499981E+00  0.356534331749E-01
  0.144591170130E+00  0.379696079109E-01
  0.149292914272E+00  0.404334215665E-01
  0.154147547403E+00  0.430538999168E-01
  0.159160041094E+00  0.458405676541E-01
  0.164335528574E+00  0.488034685232E-01
  0.169679309997E+00  0.519531851353E-01
  0.175196857860E+00  0.553008582363E-01
  0.180893822615E+00  0.588582051647E-01
  0.186776038451E+00  0.626375371919E-01
  0.192849529272E+00  0.666517753885E-01
  0.199120514864E+00  0.709144646058E-01
  0.205595417262E+00  0.754397851004E-01
  0.212280867334E+00  0.802425612637E-01
  0.219183711563E+00  0.853382668383E-01
  0.226311019067E+00  0.907430259280E-01
  0.233670088830E+00  0.964736090077E-01
  0.241268457183E+00  0.102547423048E+00
  0.249113905519E+00  0.108982494754E+00
  0.257214468264E+00  0.115797445808E+00
  0.265578441100E+00  0.123011458867E+00
  0.274214389467E+00  0.130644232948E+00
  0.283131157332E+00  0.138715926673E+00
  0.292337876242E+00  0.147247087716E+00
  0.301843974684E+00  0.156258566622E+00
  0.311659187732E+00  0.165771413022E+00
  0.321793567022E+00  0.175806752114E+00
  0.332257491045E+00  0.186385639116E+00
  0.343061675773E+00  0.197528889268E+00
  0.354217185635E+00  0.209256880836E+00
  0.365735444848E+00  0.221589328450E+00
  0.377628249116E+00  0.234545024081E+00
  0.389907777710E+00  0.248141542895E+00
  0.402586605940E+00  0.262394911321E+00
  0.415677718035E+00  0.277319234748E+00
  0.429194520436E+00  0.292926282527E+00
  0.443150855531E+00  0.309225028275E+00
  0.457561015827E+00  0.326221144018E+00
  0.472439758587E+00  0.343916447365E+00
  0.487802320943E+00  0.362308301828E+00
  0.503664435502E+00  0.381388971580E+00
  0.520042346455E+00  0.401144933378E+00
  0.536952826215E+00  0.421556150223E+00
  0.554413192590E+00  0.442595313471E+00
  0.572441326521E+00  0.464227062765E+00
  0.591055690393E+00  0.486407196200E+00
  0.610275346941E+00  0.509081886680E+00
  0.630119978773E+00  0.532186924481E+00
  0.650609908526E+00  0.555647010522E+00
  0.671766119678E+00  0.579375129772E+00
  0.693610278038E+00  0.603272039475E+00
  0.716164753934E+00  0.627225912265E+00
  0.739452645119E+00  0.651112179608E+00
  0.763497800430E+00  0.674793625902E+00
  0.788324844206E+00  0.698120787689E+00
  0.813959201510E+00  0.720932715040E+00
  0.840427124163E+00  0.743058152626E+00
  0.867755717631E+00  0.764317195316E+00
  0.895972968783E+00  0.784523466198E+00
  0.925107774549E+00  0.803486852414E+00
  0.955189971515E+00  0.821016814649E+00
  0.986250366481E+00  0.836926257866E+00
  0.101832076801E+01  0.851035912311E+00
  0.105143401898E+01  0.863179123354E+00
  0.108562403027E+01  0.873206885135E+00
  0.112092581544E+01  0.880992875646E+00
  0.115737552659E+01  0.886438160147E+00
  0.119501049141E+01  0.889475127664E+00
  0.123386925141E+01  0.890070115844E+00
  0.127399160133E+01  0.888224069778E+00
  0.131541862999E+01  0.883970481456E+00
  0.135819276227E+01  0.877369783996E+00
  0.140235780262E+01  0.868499349789E+00
  0.144795897991E+01  0.857438291551E+00
  0.149504299372E+01  0.844246423026E+00
  0.154365806220E+01  0.828937040048E+00
  0.159385397142E+01  0.811441851252E+00
  0.164568212640E+01  0.791664568216E+00
  0.169919560367E+01  0.769746749530E+00
  0.175444920573E+01  0.745910141370E+00
  0.181149951708E+01  0.720382496561E+00
  0.187040496224E+01  0.693395759210E+00
  0.193122586552E+01  0.665184183291E+00
  0.199402451285E+01  0.635982350153E+00
  0.205886521552E+01  0.606023048819E+00
  0.212581437609E+01  0.575535008041E+00
  0.219494055635E+01  0.544740499791E+00
  0.226631454753E+01  0.513852876037E+00
  0.234000944285E+01  0.483074144654E+00
  0.241610071232E+01  0.452592716604E+00
  0.249466628006E+01  0.422581476526E+00
  0.257578660405E+01  0.393196302122E+00
  0.265954475861E+01  0.364575129376E+00
  0.274602651941E+01  0.336837604810E+00
  0.283532045132E+01  0.310085308906E+00
  0.292751799914E+01  0.284402480917E+00
  0.302271358121E+01  0.259857131909E+00
  0.312100468612E+01  0.236502404189E+00
  0.322249197256E+01  0.214378023967E+00
  0.332727937237E+01  0.193511701513E+00
  0.343547419702E+01  0.173920359334E+00
  0.354718724744E+01  0.155611111684E+00
  0.366253292758E+01  0.138581971966E+00
  0.378162936148E+01  0.122822318903E+00
  0.390459851431E+01  0.108313196763E+00
  0.403156631721E+01  0.950275504297E-01
  0.416266279632E+01  0.829304989003E-01
  0.429802220588E+01  0.719797329818E-01
  0.443778316576E+01  0.621260917457E-01
  0.458208880340E+01  0.533143363374E-01
  0.473108690037E+01  0.454841069363E-01
  0.488493004375E+01  0.385710239375E-01
  0.504377578237E+01  0.325078797210E-01
  0.520778678813E+01  0.272258621555E-01
  0.537713102264E+01  0.226557533361E-01
  0.555198190919E+01  0.187290545593E-01
  0.573251851038E+01  0.153789989083E-01
  0.591892571145E+01  0.125414242159E-01
  0.611139440968E+01  0.101554902604E-01
  0.631012170981E+01  0.816423400642E-02
  0.651531112599E+01  0.651496506730E-02
&