& GG  2  428 a ! ZNUL LDIM  NMAX
& T T F F
& 0.0  0.0  0.0  0.0
& 0 = L
  0.576030735960E-04  0.120094576434E-03
  0.594761818472E-04  0.123999752440E-03
  0.614101989060E-04  0.128031915027E-03
  0.634071053747E-04  0.132195193479E-03
  0.654689462601E-04  0.136493851359E-03
  0.675978330674E-04  0.140932290866E-03
  0.697959459628E-04  0.145515057350E-03
  0.720655360059E-04  0.150246843965E-03
  0.744089274553E-04  0.155132496472E-03
  0.768285201486E-04  0.160177018207E-03
  0.793267919601E-04  0.165385575201E-03
  0.819063013385E-04  0.170763501469E-03
  0.845696899268E-04  0.176316304478E-03
  0.873196852676E-04  0.182049670782E-03
  0.901591035966E-04  0.187969471850E-03
  0.930908527261E-04  0.194081770073E-03
  0.961179350235E-04  0.200392824979E-03
  0.992434504855E-04  0.206909099638E-03
  0.102470599913E-03  0.213637267284E-03
  0.105802688189E-03  0.220584218146E-03
  0.109243127664E-03  0.227757066509E-03
  0.112795441647E-03  0.235163157995E-03
  0.116463268019E-03  0.242810077086E-03
  0.120250362955E-03  0.250705654895E-03
  0.124160604770E-03  0.258857977181E-03
  0.128197997895E-03  0.267275392632E-03
  0.132366676971E-03  0.275966521416E-03
  0.136670911092E-03  0.284940264003E-03
  0.141115108169E-03  0.294205810290E-03
  0.145703819447E-03  0.303772649000E-03
  0.150441744169E-03  0.313650577411E-03
  0.155333734383E-03  0.323849711379E-03
  0.160384799915E-03  0.334380495705E-03
  0.165600113497E-03  0.345253714827E-03
  0.170985016066E-03  0.356480503868E-03
  0.176545022233E-03  0.368072360034E-03
  0.182285825930E-03  0.380041154394E-03
  0.188213306242E-03  0.392399144031E-03
  0.194333533426E-03  0.405158984599E-03
  0.200652775130E-03  0.418333743283E-03
  0.207177502810E-03  0.431936912176E-03
  0.213914398357E-03  0.445982422103E-03
  0.220870360940E-03  0.460484656883E-03
  0.228052514074E-03  0.475458468058E-03
  0.235468212910E-03  0.490919190107E-03
  0.243125051773E-03  0.506882656145E-03
  0.251030871933E-03  0.523365214142E-03
  0.259193769643E-03  0.540383743657E-03
  0.267622104423E-03  0.557955673134E-03
  0.276324507623E-03  0.576098997742E-03
  0.285309891266E-03  0.594832297808E-03
  0.294587457168E-03  0.614174757841E-03
  0.304166706370E-03  0.634146186183E-03
  0.314057448858E-03  0.654767035289E-03
  0.324269813617E-03  0.676058422677E-03
  0.334814259002E-03  0.698042152549E-03
  0.345701583445E-03  0.720740738124E-03
  0.356942936519E-03  0.744177424690E-03
  0.368549830351E-03  0.768376213412E-03
  0.380534151414E-03  0.793361885907E-03
  0.392908172702E-03  0.819160029627E-03
  0.405684566292E-03  0.845797064056E-03
  0.418876416328E-03  0.873300267771E-03
  0.432497232419E-03  0.901697806373E-03
  0.446560963468E-03  0.931018761333E-03
  0.461082011967E-03  0.961293159770E-03
  0.476075248737E-03  0.992552005206E-03
  0.491556028164E-03  0.102482730931E-02
  0.507540203917E-03  0.105815212467E-02
  0.524044145191E-03  0.109256057868E-02
  0.541084753462E-03  0.112808790843E-02
  0.558679479803E-03  0.116477049684E-02
  0.576846342751E-03  0.120264590988E-02
  0.595603946762E-03  0.124175293508E-02
  0.614971501261E-03  0.128213162121E-02
  0.634968840315E-03  0.132382331930E-02
  0.655616442949E-03  0.136687072503E-02
  0.676935454111E-03  0.141131792237E-02
  0.698947706331E-03  0.145721042879E-02
  0.721675742080E-03  0.150459524185E-02
  0.745142836851E-03  0.155352088732E-02
  0.769373023002E-03  0.160403746886E-02
  0.794391114359E-03  0.165619671936E-02
  0.820222731634E-03  0.171005205389E-02
  0.846894328662E-03  0.176565862440E-02
  0.874433219487E-03  0.182307337620E-02
  0.902867606340E-03  0.188235510626E-02
  0.932226608519E-03  0.194356452343E-02
  0.962540292207E-03  0.200676431059E-02
  0.993839701266E-03  0.207201918884E-02
  0.102615688902E-02  0.213939598380E-02
  0.105952495111E-02  0.220896369396E-02
  0.109397805933E-02  0.228079356141E-02
  0.112955149667E-02  0.235495914475E-02
  0.116628169346E-02  0.243153639439E-02
  0.120420626461E-02  0.251060373037E-02
  0.124336404821E-02  0.259224212257E-02
  0.128379514524E-02  0.267653517370E-02
  0.132554096069E-02  0.276356920484E-02
  0.136864424591E-02  0.285343334382E-02
  0.141314914244E-02  0.294621961651E-02
  0.145910122718E-02  0.304202304099E-02
  0.150654755907E-02  0.314094172487E-02
  0.155553672732E-02  0.324307696568E-02
  0.160611890110E-02  0.334853335463E-02
  0.165834588099E-02  0.345741888363E-02
  0.171227115197E-02  0.356984505585E-02
  0.176794993824E-02  0.368592699991E-02
  0.182543925973E-02  0.380578358767E-02
  0.188479799054E-02  0.392953755592E-02
  0.194608691920E-02  0.405731563205E-02
  0.200936881092E-02  0.418924866371E-02
  0.207470847189E-02  0.432547175277E-02
  0.214217281563E-02  0.446612439356E-02
  0.221183093153E-02  0.461135061566E-02
  0.228375415558E-02  0.476129913130E-02
  0.235801614345E-02  0.491612348750E-02
  0.243469294590E-02  0.507598222326E-02
  0.251386308669E-02  0.524103903170E-02
  0.259560764294E-02  0.541146292763E-02
  0.268001032824E-02  0.558742842042E-02
  0.276715757831E-02  0.576911569253E-02
  0.285713863954E-02  0.595671078386E-02
  0.295004566041E-02  0.615040578206E-02
  0.304597378582E-02  0.635039901896E-02
  0.314502125456E-02  0.655689527343E-02
  0.324728949989E-02  0.677010598085E-02
  0.335288325343E-02  0.699024944922E-02
  0.346191065241E-02  0.721755108248E-02
  0.357448335042E-02  0.745224361086E-02
  0.369071663173E-02  0.769456732884E-02
  0.381072952938E-02  0.794477034077E-02
  0.393464494707E-02  0.820310881438E-02
  0.406258978501E-02  0.846984724259E-02
  0.419469506990E-02  0.874525871373E-02
  0.433109608909E-02  0.902962519052E-02
  0.447193252914E-02  0.932323779804E-02
  0.461734861888E-02  0.962639712107E-02
  0.476749327709E-02  0.993941351093E-02
  0.492252026502E-02  0.102626074023E-01
  0.508258834385E-02  0.105963096405E-01
  0.524786143729E-02  0.109408618184E-01
  0.541850879941E-02  0.112966166258E-01
  0.559470518805E-02  0.116639382084E-01
  0.577663104368E-02  0.120432025395E-01
  0.596447267429E-02  0.124347978027E-01
  0.615842244611E-02  0.128391247882E-01
  0.635867898068E-02  0.132565973004E-01
  0.656544735817E-02  0.136876425797E-01
  0.677893932747E-02  0.141327017369E-01
  0.699937352301E-02  0.145922302025E-01
  0.722697568868E-02  0.150666981896E-01
  0.746197890897E-02  0.155565911721E-01
  0.770462384773E-02  0.160624103775E-01
  0.795515899457E-02  0.165846732966E-01
  0.821384091938E-02  0.171239142082E-01
  0.848093453506E-02  0.176806847213E-01
  0.875671336879E-02  0.182555543340E-01
  0.904145984222E-02  0.188491110110E-01
  0.933546556060E-02  0.194619617779E-01
  0.963903161149E-02  0.200947333361E-01
  0.995246887306E-02  0.207480726957E-01
  0.102760983324E-01  0.214226478289E-01
  0.106102514145E-01  0.221191483438E-01
  0.109552703211E-01  0.228382861799E-01
  0.113115083819E-01  0.235807963241E-01
  0.116793304157E-01  0.243474375506E-01
  0.120591131045E-01  0.251389931822E-01
  0.124512453788E-01  0.259562718767E-01
  0.128561288165E-01  0.268001084366E-01
  0.132741780535E-01  0.276713646443E-01
  0.137058212088E-01  0.285709301223E-01
  0.141515003226E-01  0.294997232206E-01
  0.146116718095E-01  0.304586919302E-01
  0.150868069250E-01  0.314488148250E-01
  0.155773922493E-01  0.324711020314E-01
  0.160839301844E-01  0.335265962276E-01
  0.166069394695E-01  0.346163736722E-01
  0.171469557118E-01  0.357415452635E-01
  0.177045319351E-01  0.369032576302E-01
  0.182802391462E-01  0.381026942531E-01
  0.188746669196E-01  0.393410766201E-01
  0.194884240013E-01  0.406196654143E-01
  0.201221389322E-01  0.419397617354E-01
  0.207764606916E-01  0.433027083560E-01
  0.214520593624E-01  0.447098910125E-01
  0.221496268165E-01  0.461627397322E-01
  0.228698774240E-01  0.476627301956E-01
  0.236135487845E-01  0.492113851358E-01
  0.243814024824E-01  0.508102757747E-01
  0.251742248670E-01  0.524610232965E-01
  0.259928278576E-01  0.541653003586E-01
  0.268380497754E-01  0.559248326402E-01
  0.277107562013E-01  0.577414004290E-01
  0.286118408631E-01  0.596168402453E-01
  0.295422265502E-01  0.615530465040E-01
  0.305028660587E-01  0.635519732135E-01
  0.314947431676E-01  0.656156357120E-01
  0.325188736457E-01  0.677461124396E-01
  0.335763062919E-01  0.699455467455E-01
  0.346681240099E-01  0.722161487307E-01
  0.357954449163E-01  0.745601971218E-01
  0.369594234863E-01  0.769800411778E-01
  0.381612517356E-01  0.794781026250E-01
  0.394021604413E-01  0.820568776200E-01
  0.406834204025E-01  0.847189387364E-01
  0.420063437413E-01  0.874669369731E-01
  0.433722852468E-01  0.903036037801E-01
  0.447826437624E-01  0.932317530974E-01
  0.462388636185E-01  0.962542834036E-01
  0.477424361115E-01  0.993741797666E-01
  0.492949010310E-01  0.102594515892E+00
  0.508978482368E-01  0.105918456162E+00
  0.525529192869E-01  0.109349257654E+00
  0.542618091186E-01  0.112890272138E+00
  0.560262677845E-01  0.116544948029E+00
  0.578481022444E-01  0.120316832301E+00
  0.597291782160E-01  0.124209572333E+00
  0.616714220855E-01  0.128226917683E+00
  0.636768228804E-01  0.132372721775E+00
  0.657474343062E-01  0.136650943471E+00
  0.678853768500E-01  0.141065648527E+00
  0.700928399519E-01  0.145621010890E+00
  0.723720842469E-01  0.150321313830E+00
  0.747254438803E-01  0.155170950869E+00
  0.771553288981E-01  0.160174426487E+00
  0.796642277149E-01  0.165336356562E+00
  0.822547096622E-01  0.170661468518E+00
  0.849294276200E-01  0.176154601140E+00
  0.876911207332E-01  0.181820704001E+00
  0.905426172169E-01  0.187664836476E+00
  0.934868372526E-01  0.193692166264E+00
  0.965267959789E-01  0.199907967383E+00
  0.996656065792E-01  0.206317617556E+00
  0.102906483470E+00  0.212926594939E+00
  0.106252745592E+00  0.219740474088E+00
  0.109707819811E+00  0.226764921107E+00
  0.113275244423E+00  0.234005687873E+00
  0.116958672785E+00  0.241468605239E+00
  0.120761877047E+00  0.249159575107E+00
  0.124688752025E+00  0.257084561257E+00
  0.128743319180E+00  0.265249578795E+00
  0.132929730745E+00  0.273660682085E+00
  0.137252273970E+00  0.282323951018E+00
  0.141715375517E+00  0.291245475440E+00
  0.146323605992E+00  0.300431337572E+00
  0.151081684626E+00  0.309887592228E+00
  0.155994484107E+00  0.319620244618E+00
  0.161067035572E+00  0.329635225520E+00
  0.166304533755E+00  0.339938363577E+00
  0.171712342314E+00  0.350535354467E+00
  0.177295999316E+00  0.361431726666E+00
  0.183061222915E+00  0.372632803521E+00
  0.189013917202E+00  0.384143661324E+00
  0.195160178257E+00  0.395969083045E+00
  0.201506300389E+00  0.408113507409E+00
  0.208058782581E+00  0.420580972931E+00
  0.214824335147E+00  0.433375056550E+00
  0.221809886605E+00  0.446498806466E+00
  0.229022590770E+00  0.459954668790E+00
  0.236469834080E+00  0.473744407591E+00
  0.244159243164E+00  0.487869017939E+00
  0.252098692649E+00  0.502328631531E+00
  0.260296313225E+00  0.517122414504E+00
  0.268760499971E+00  0.532248457047E+00
  0.277499920954E+00  0.547703654464E+00
  0.286523526106E+00  0.563483579350E+00
  0.295840556386E+00  0.579582344623E+00
  0.305460553248E+00  0.595992457196E+00
  0.315393368409E+00  0.612704662172E+00
  0.325649173939E+00  0.629707777531E+00
  0.336238472680E+00  0.646988519429E+00
  0.347172109000E+00  0.664531318355E+00
  0.358461279896E+00  0.682318126604E+00
  0.370117546467E+00  0.700328217711E+00
  0.382152845747E+00  0.718537978759E+00
  0.394579502936E+00  0.736920696770E+00
  0.407410244016E+00  0.755446340691E+00
  0.420658208787E+00  0.774081340888E+00
  0.434336964323E+00  0.792788368451E+00
  0.448460518865E+00  0.811526117079E+00
  0.463043336166E+00  0.830249090794E+00
  0.478100350306E+00  0.848907401253E+00
  0.493646980984E+00  0.867446578964E+00
  0.509699149307E+00  0.885807403243E+00
  0.526273294099E+00  0.903925756285E+00
  0.543386388731E+00  0.921732507166E+00
  0.561055958510E+00  0.939153432024E+00
  0.579300098617E+00  0.956109176885E+00
  0.598137492647E+00  0.972515269698E+00
  0.617587431737E+00  0.988282187947E+00
  0.637669834325E+00  0.100331548769E+01
  0.658405266546E+00  0.101751599886E+01
  0.679814963294E+00  0.103078009026E+01
  0.701920849969E+00  0.104300000527E+01
  0.724745564932E+00  0.105406426658E+01
  0.748312482684E+00  0.106385814393E+01
  0.772645737810E+00  0.107226417429E+01
  0.797770249688E+00  0.107916271723E+01
  0.823711748014E+00  0.108443252108E+01
  0.850496799150E+00  0.108795126679E+01
  0.878152833329E+00  0.108959604634E+01
  0.906708172745E+00  0.108924372194E+01
  0.936192060563E+00  0.108677110112E+01
  0.966634690859E+00  0.108205485147E+01
  0.998067239547E+00  0.107497106943E+01
  0.103052189630E+01  0.106539441013E+01
  0.106403189753E+01  0.105319668322E+01
  0.109863156041E+01  0.103824482404E+01
  0.113435631800E+01  0.102039816480E+01
  0.117124275559E+01  0.999504959456E+00
  0.120932864811E+01  0.975398163316E+00
  0.124865299884E+01  0.947931102362E+00
  0.128925607935E+01  0.917294172174E+00
  0.133117947075E+01  0.883867235681E+00
  0.137446610625E+01  0.848041763238E+00
  0.141916031516E+01  0.810214357133E+00
  0.146530786823E+01  0.770781772861E+00
  0.151295602461E+01  0.730136130748E+00
  0.156215358017E+01  0.688660458076E+00
  0.161295091750E+01  0.646724567972E+00
  0.166540005752E+01  0.604681407801E+00
  0.171955471272E+01  0.562863883637E+00
  0.177547034221E+01  0.521582179314E+00
  0.183320420849E+01  0.481121556012E+00
  0.189281543606E+01  0.441740593585E+00
  0.195436507204E+01  0.403669813351E+00
  0.201791614864E+01  0.367110614579E+00
  0.208353374771E+01  0.332234467929E+00
  0.215128506741E+01  0.299182341349E+00
  0.222123949100E+01  0.268064382848E+00
  0.229346865793E+01  0.238959933385E+00
  0.236804653718E+01  0.211917967908E+00
  0.244504950302E+01  0.186958068267E+00
  0.252455641320E+01  0.164071981276E+00
  0.260664868976E+01  0.143225760829E+00
  0.269141040236E+01  0.124362427223E+00
  0.277892835440E+01  0.107405028888E+00
  0.286929217191E+01  0.922599669462E-01
  0.296259439533E+01  0.788204403199E-01
  0.305893057429E+01  0.669698813789E-01
  0.315839936547E+01  0.565852720077E-01
  0.326110263359E+01  0.475402538644E-01
  0.336714555578E+01  0.397079773087E-01
  0.347663672926E+01  0.329636793396E-01
  0.358968828254E+01  0.271870499294E-01
  0.370641599031E+01  0.222645205563E-01
  0.382693939194E+01  0.180915763662E-01
  0.395138191392E+01  0.145748022440E-01
  0.407987099627E+01  0.116326228576E-01
  0.421253822304E+01  0.919369473876E-02
  0.434951945705E+01  0.719367749922E-02
  0.449095497907E+01  0.557260817692E-02
  0.463698963143E+01  0.427411460178E-02
  0.478777296637E+01  0.324596278391E-02
  0.494345939920E+01  0.244093597805E-02
  0.510420836644E+01  0.181744096928E-02
  0.527018448908E+01  0.133968176912E-02
  0.544155774116E+01  0.977465177587E-03
  0.561850362387E+01  0.705763476747E-03
  0.580120334527E+01  0.504148281708E-03
  0.598984400583E+01  0.356178715036E-03
  0.618461879006E+01  0.248797701688E-03
  0.638572716438E+01  0.171768015471E-03
  0.659337508132E+01  0.117164607811E-03
  0.680777519051E+01  0.789300143991E-04
  0.702914705638E+01  0.524935736500E-04
  0.725771738308E+01  0.344515334375E-04
  0.749372024659E+01  0.223030197617E-04
  0.773739733446E+01  0.142357516785E-04
  0.798899819333E+01  0.895496124241E-05
  0.824878048446E+01  0.554907178937E-05
  0.851701024763E+01  0.338589159816E-05
  0.879396217354E+01  0.203333962904E-05
  0.907991988517E+01  0.120091733212E-05
  0.937517622821E+01  0.697192149185E-06
  0.968003357094E+01  0.397639761080E-06
  0.999480411394E+01  0.222678597650E-06
  0.103198102097E+02  0.122366733415E-06
  0.106553846930E+02  0.659447983142E-07
  0.110018712213E+02  0.348302878237E-07
  0.113596246271E+02  0.180181713381E-07
  0.117290112811E+02  0.912325393393E-08
  0.121104094677E+02  0.451827546759E-08
  0.125042097718E+02  0.218709662936E-08
  0.129108154794E+02  0.103398359426E-08
  0.133306429903E+02  0.477064582674E-09
  0.137641222444E+02  0.214642161514E-09
  0.142116971625E+02  0.940962704725E-10
  0.146738261004E+02  0.401589978106E-10
  0.151509823185E+02  0.166712426359E-10
  0.156436544664E+02  0.672569150664E-11
  0.161523470835E+02  0.263442750393E-11
  0.166775811154E+02  0.100091968557E-11
  0.172198944478E+02  0.368506930468E-12
  0.177798424569E+02  0.131335260402E-12
  0.183579985783E+02  0.452634495702E-13
  0.189549548945E+02  0.150685371173E-13
  0.195713227408E+02  0.484019467634E-14
  0.202077333319E+02  0.149836698426E-14
  0.208648384077E+02  0.446494589043E-15
  0.215433109013E+02  0.127914278630E-15
  0.222438456278E+02  0.351861298287E-16
  0.229671599960E+02  0.928112380930E-17
  0.237139947431E+02  0.234430833020E-17
  0.244851146929E+02  0.566243869962E-18
  0.252813095399E+02  0.130598105137E-18
  0.261033946569E+02  0.287186912890E-19
  0.269522119312E+02  0.601195790492E-20
  0.278286306256E+02  0.119618549903E-20
  0.287335482696E+02  0.225838690971E-21
  0.296678915779E+02  0.403904572015E-22
  0.306326173997E+02  0.683093407580E-23
  0.316287136985E+02  0.109048307182E-23
  0.326572005640E+02  0.164016521850E-24
  0.337191312566E+02  0.231981598246E-25
  0.348155932861E+02  0.307934557496E-26
  0.359477095255E+02  0.382852833976E-27
  0.371166393607E+02  0.446844912506E-28
  0.383235798780E+02  0.645668314225E-29
  0.395697670900E+02  0.000000000000E+00
  0.408564772013E+02  0.000000000000E+00
  0.421850279154E+02  0.000000000000E+00
  0.435567797844E+02  0.000000000000E+00
  0.449731376022E+02  0.000000000000E+00
  0.464355518427E+02  0.000000000000E+00
  0.479455201461E+02  0.000000000000E+00
  0.495045888518E+02  0.000000000000E+00
& 1 = L
  0.576030735960E-04  0.617926230840E-08
  0.594761818472E-04  0.658766457560E-08
  0.614101989060E-04  0.702305912810E-08
  0.634071053747E-04  0.748722995079E-08
  0.654689462601E-04  0.798207893633E-08
  0.675978330674E-04  0.850963367809E-08
  0.697959459628E-04  0.907205577791E-08
  0.720655360059E-04  0.967164970307E-08
  0.744089274553E-04  0.103108722286E-07
  0.768285201486E-04  0.109923425038E-07
  0.793267919601E-04  0.117188527836E-07
  0.819063013385E-04  0.124933798700E-07
  0.845696899268E-04  0.133190973087E-07
  0.873196852676E-04  0.141993883929E-07
  0.901591035966E-04  0.151378600257E-07
  0.930908527261E-04  0.161383574988E-07
  0.961179350235E-04  0.172049802488E-07
  0.992434504855E-04  0.183420986536E-07
  0.102470599913E-03  0.195543719401E-07
  0.105802688189E-03  0.208467672744E-07
  0.109243127664E-03  0.222245801147E-07
  0.112795441647E-03  0.236934559085E-07
  0.116463268019E-03  0.252594132246E-07
  0.120250362955E-03  0.269288684135E-07
  0.124160604770E-03  0.287086618973E-07
  0.128197997895E-03  0.306060861982E-07
  0.132366676971E-03  0.326289158187E-07
  0.136670911092E-03  0.347854390967E-07
  0.141115108169E-03  0.370844921659E-07
  0.145703819447E-03  0.395354951615E-07
  0.150441744169E-03  0.421484908178E-07
  0.155333734383E-03  0.449341856175E-07
  0.160384799915E-03  0.479039936601E-07
  0.165600113497E-03  0.510700834305E-07
  0.170985016066E-03  0.544454276574E-07
  0.176545022233E-03  0.580438564683E-07
  0.182285825930E-03  0.618801140569E-07
  0.188213306242E-03  0.659699190955E-07
  0.194333533426E-03  0.703300291412E-07
  0.200652775130E-03  0.749783092977E-07
  0.207177502810E-03  0.799338054160E-07
  0.213914398357E-03  0.852168221328E-07
  0.220870360940E-03  0.908490060663E-07
  0.228052514074E-03  0.968534345113E-07
  0.235468212910E-03  0.103254709996E-06
  0.243125051773E-03  0.110079061087E-06
  0.251030871933E-03  0.117354449860E-06
  0.259193769643E-03  0.125110686471E-06
  0.267622104423E-03  0.133379551299E-06
  0.276324507623E-03  0.142194925163E-06
  0.285309891266E-03  0.151592928145E-06
  0.294587457168E-03  0.161612067591E-06
  0.304166706370E-03  0.172293395886E-06
  0.314057448858E-03  0.183680678664E-06
  0.324269813617E-03  0.195820574134E-06
  0.334814259002E-03  0.208762824253E-06
  0.345701583445E-03  0.222560458544E-06
  0.356942936519E-03  0.237270011372E-06
  0.368549830351E-03  0.252951753592E-06
  0.380534151414E-03  0.269669939502E-06
  0.392908172702E-03  0.287493070113E-06
  0.405684566292E-03  0.306494173830E-06
  0.418876416328E-03  0.326751105672E-06
  0.432497232419E-03  0.348346866279E-06
  0.446560963468E-03  0.371369941994E-06
  0.461082011967E-03  0.395914667425E-06
  0.476075248737E-03  0.422081611973E-06
  0.491556028164E-03  0.449977991900E-06
  0.507540203917E-03  0.479718109634E-06
  0.524044145191E-03  0.511423822115E-06
  0.541084753462E-03  0.545225040080E-06
  0.558679479803E-03  0.581260260361E-06
  0.576846342751E-03  0.619677133360E-06
  0.595603946762E-03  0.660633068021E-06
  0.614971501261E-03  0.704295876798E-06
  0.634968840315E-03  0.750844463243E-06
  0.655616442949E-03  0.800469555036E-06
  0.676935454111E-03  0.853374485471E-06
  0.698947706331E-03  0.909776026578E-06
  0.721675742080E-03  0.969905277325E-06
  0.745142836851E-03  0.103400861050E-05
  0.769373023002E-03  0.110234868221E-05
  0.794391114359E-03  0.117520550804E-05
  0.820222731634E-03  0.125287761041E-05
  0.846894328662E-03  0.133568324168E-05
  0.874433219487E-03  0.142396168820E-05
  0.902867606340E-03  0.151807466042E-05
  0.932226608519E-03  0.161840777497E-05
  0.962540292207E-03  0.172537213463E-05
  0.993839701266E-03  0.183940601280E-05
  0.102615688902E-02  0.196097664918E-05
  0.105952495111E-02  0.209058216424E-05
  0.109397805933E-02  0.222875360018E-05
  0.112955149667E-02  0.237605709671E-05
  0.116628169346E-02  0.253309621075E-05
  0.120420626461E-02  0.270051438935E-05
  0.124336404821E-02  0.287899760608E-05
  0.128379514524E-02  0.306927717163E-05
  0.132554096069E-02  0.327213273019E-05
  0.136864424591E-02  0.348839545386E-05
  0.141314914244E-02  0.371895144814E-05
  0.145910122718E-02  0.396474538255E-05
  0.150654755907E-02  0.422678436108E-05
  0.155553672732E-02  0.450614204858E-05
  0.160611890110E-02  0.480396306974E-05
  0.165834588099E-02  0.512146769882E-05
  0.171227115197E-02  0.545995685934E-05
  0.176794993824E-02  0.582081745413E-05
  0.182543925973E-02  0.620552804770E-05
  0.188479799054E-02  0.661566492410E-05
  0.194608691920E-02  0.705290854505E-05
  0.200936881092E-02  0.751905043502E-05
  0.207470847189E-02  0.801600052114E-05
  0.214217281563E-02  0.854579495830E-05
  0.221183093153E-02  0.911060447127E-05
  0.228375415558E-02  0.971274324814E-05
  0.235801614345E-02  0.103546784215E-04
  0.243469294590E-02  0.110390401761E-04
  0.251386308669E-02  0.117686325244E-04
  0.259560764294E-02  0.125464447944E-04
  0.268001032824E-02  0.133756638761E-04
  0.276715757831E-02  0.142596872782E-04
  0.285713863954E-02  0.152021370460E-04
  0.295004566041E-02  0.162068746006E-04
  0.304597378582E-02  0.172780165575E-04
  0.314502125456E-02  0.184199515911E-04
  0.324728949989E-02  0.196373584128E-04
  0.335288325343E-02  0.209352249379E-04
  0.346191065241E-02  0.223188687182E-04
  0.357448335042E-02  0.237939587246E-04
  0.369071663173E-02  0.253665385693E-04
  0.381072952938E-02  0.270430512622E-04
  0.393464494707E-02  0.288303656023E-04
  0.406258978501E-02  0.307358043131E-04
  0.419469506990E-02  0.327671740368E-04
  0.433109608909E-02  0.349327973096E-04
  0.447193252914E-02  0.372415466495E-04
  0.461734861888E-02  0.397028808957E-04
  0.476749327709E-02  0.423268839482E-04
  0.492252026502E-02  0.451243060668E-04
  0.508258834385E-02  0.481066078972E-04
  0.524786143729E-02  0.512860074050E-04
  0.541850879941E-02  0.546755299098E-04
  0.559470518805E-02  0.582890614229E-04
  0.577663104368E-02  0.621414055076E-04
  0.596447267429E-02  0.662483438941E-04
  0.615842244611E-02  0.706267010968E-04
  0.635867898068E-02  0.752944132973E-04
  0.656544735817E-02  0.802706017759E-04
  0.677893932747E-02  0.855756511903E-04
  0.699937352301E-02  0.912312930211E-04
  0.722697568868E-02  0.972606945258E-04
  0.746197890897E-02  0.103688553563E-03
  0.770462384773E-02  0.110541199675E-03
  0.795515899457E-02  0.117846701838E-03
  0.821384091938E-02  0.125634983327E-03
  0.848093453506E-02  0.133937944152E-03
  0.875671336879E-02  0.142789591574E-03
  0.904145984222E-02  0.152226179229E-03
  0.933546556060E-02  0.162286355425E-03
  0.963903161149E-02  0.173011321222E-03
  0.995246887306E-02  0.184444998922E-03
  0.102760983324E-01  0.196634211681E-03
  0.106102514145E-01  0.209628874945E-03
  0.109552703211E-01  0.223482200502E-03
  0.113115083819E-01  0.238250913986E-03
  0.116793304157E-01  0.253995486688E-03
  0.120591131045E-01  0.270780382652E-03
  0.124512453788E-01  0.288674322020E-03
  0.128561288165E-01  0.307750561720E-03
  0.132741780535E-01  0.328087194614E-03
  0.137058212088E-01  0.349767468330E-03
  0.141515003226E-01  0.372880125051E-03
  0.146116718095E-01  0.397519763645E-03
  0.150868069250E-01  0.423787225586E-03
  0.155773922493E-01  0.451790006225E-03
  0.160839301844E-01  0.481642693060E-03
  0.166069394695E-01  0.513467432774E-03
  0.171469557118E-01  0.547394428902E-03
  0.177045319351E-01  0.583562472129E-03
  0.182802391462E-01  0.622119505335E-03
  0.188746669196E-01  0.663223225645E-03
  0.194884240013E-01  0.707041725888E-03
  0.201221389322E-01  0.753754177996E-03
  0.207764606916E-01  0.803551561091E-03
  0.214520593624E-01  0.856637437105E-03
  0.221496268165E-01  0.913228777032E-03
  0.228698774240E-01  0.973556841043E-03
  0.236135487845E-01  0.103786811594E-02
  0.243814024824E-01  0.110642531364E-02
  0.251742248670E-01  0.117950843452E-02
  0.259928278576E-01  0.125741589989E-02
  0.268380497754E-01  0.134046575787E-02
  0.277107562013E-01  0.142899696741E-02
  0.286118408631E-01  0.152337076538E-02
  0.295422265502E-01  0.162397212196E-02
  0.305028660587E-01  0.173121128991E-02
  0.314947431676E-01  0.184552545364E-02
  0.325188736457E-01  0.196738048421E-02
  0.335763062919E-01  0.209727280702E-02
  0.346681240099E-01  0.223573138897E-02
  0.357954449163E-01  0.238331985270E-02
  0.369594234863E-01  0.254063872551E-02
  0.381612517356E-01  0.270832783125E-02
  0.394021604413E-01  0.288706883398E-02
  0.406834204025E-01  0.307758794233E-02
  0.420063437413E-01  0.328065878444E-02
  0.433722852468E-01  0.349710546340E-02
  0.447826437624E-01  0.372780580406E-02
  0.462388636185E-01  0.397369480227E-02
  0.477424361115E-01  0.423576828829E-02
  0.492949010310E-01  0.451508681679E-02
  0.508978482368E-01  0.481277979616E-02
  0.525529192869E-01  0.513004987064E-02
  0.542618091186E-01  0.546817756921E-02
  0.560262677845E-01  0.582852623584E-02
  0.578481022444E-01  0.621254725621E-02
  0.597291782160E-01  0.662178559639E-02
  0.616714220855E-01  0.705788566987E-02
  0.636768228804E-01  0.752259754929E-02
  0.657474343062E-01  0.801778354006E-02
  0.678853768500E-01  0.854542513315E-02
  0.700928399519E-01  0.910763035485E-02
  0.723720842469E-01  0.970664153115E-02
  0.747254438803E-01  0.103448434849E-01
  0.771553288981E-01  0.110247721832E-01
  0.796642277149E-01  0.117491238536E-01
  0.822547096622E-01  0.125207645847E-01
  0.849294276200E-01  0.133427404295E-01
  0.876911207332E-01  0.142182880256E-01
  0.905426172169E-01  0.151508457477E-01
  0.934868372526E-01  0.161440654045E-01
  0.965267959789E-01  0.172018244905E-01
  0.996656065792E-01  0.183282390019E-01
  0.102906483470E+00  0.195276768204E-01
  0.106252745592E+00  0.208047716665E-01
  0.109707819811E+00  0.221644376195E-01
  0.113275244423E+00  0.236118841953E-01
  0.116958672785E+00  0.251526319662E-01
  0.120761877047E+00  0.267925287018E-01
  0.124688752025E+00  0.285377659983E-01
  0.128743319180E+00  0.303948963560E-01
  0.132929730745E+00  0.323708506517E-01
  0.137252273970E+00  0.344729559396E-01
  0.141715375517E+00  0.367089534988E-01
  0.146323605992E+00  0.390870170285E-01
  0.151081684626E+00  0.416157708709E-01
  0.155994484107E+00  0.443043081190E-01
  0.161067035572E+00  0.471622084431E-01
  0.166304533755E+00  0.501995554359E-01
  0.171712342314E+00  0.534269532491E-01
  0.177295999316E+00  0.568555422538E-01
  0.183061222915E+00  0.604970134172E-01
  0.189013917202E+00  0.643636210440E-01
  0.195160178257E+00  0.684681934792E-01
  0.201506300389E+00  0.728241413155E-01
  0.208058782581E+00  0.774454625851E-01
  0.214824335147E+00  0.823467443532E-01
  0.221809886605E+00  0.875431600565E-01
  0.229022590770E+00  0.930504618533E-01
  0.236469834080E+00  0.988849671690E-01
  0.244159243164E+00  0.105063538534E+00
  0.252098692649E+00  0.111603555716E+00
  0.260296313225E+00  0.118522879063E+00
  0.268760499971E+00  0.125839802849E+00
  0.277499920954E+00  0.133572997359E+00
  0.286523526106E+00  0.141741438303E+00
  0.295840556386E+00  0.150364322092E+00
  0.305460553248E+00  0.159460965408E+00
  0.315393368409E+00  0.169050687425E+00
  0.325649173939E+00  0.179152672988E+00
  0.336238472680E+00  0.189785815012E+00
  0.347172109000E+00  0.200968534379E+00
  0.358461279896E+00  0.212718575620E+00
  0.370117546467E+00  0.225052776781E+00
  0.382152845747E+00  0.237986811998E+00
  0.394579502936E+00  0.251534905528E+00
  0.407410244016E+00  0.265709516298E+00
  0.420658208787E+00  0.280520992405E+00
  0.434336964323E+00  0.295977195553E+00
  0.448460518865E+00  0.312083096027E+00
  0.463043336166E+00  0.328840339600E+00
  0.478100350306E+00  0.346246788681E+00
  0.493646980984E+00  0.364296041126E+00
  0.509699149307E+00  0.382976931310E+00
  0.526273294099E+00  0.402273019476E+00
  0.543386388731E+00  0.422162076806E+00
  0.561055958510E+00  0.442615575191E+00
  0.579300098617E+00  0.463598192203E+00
  0.598137492647E+00  0.485067343162E+00
  0.617587431737E+00  0.506972753312E+00
  0.637669834325E+00  0.529256083851E+00
  0.658405266546E+00  0.551850625571E+00
  0.679814963294E+00  0.574681072951E+00
  0.701920849969E+00  0.597663389274E+00
  0.724745564932E+00  0.620704769445E+00
  0.748312482684E+00  0.643703701018E+00
  0.772645737810E+00  0.666550115235E+00
  0.797770249688E+00  0.689125607985E+00
  0.823711748014E+00  0.711303695207E+00
  0.850496799150E+00  0.732950048002E+00
  0.878152833329E+00  0.753922629677E+00
  0.906708172745E+00  0.774071630235E+00
  0.936192060563E+00  0.793239064627E+00
  0.966634690859E+00  0.811257870813E+00
  0.998067239547E+00  0.827950315318E+00
  0.103052189630E+01  0.843125491476E+00
  0.106403189753E+01  0.856575684744E+00
  0.109863156041E+01  0.868071388004E+00
  0.113435631800E+01  0.877354787319E+00
  0.117124275559E+01  0.884131616870E+00
  0.120932864811E+01  0.888061414051E+00
  0.124865299884E+01  0.888784278831E+00
  0.128925607935E+01  0.886222881510E+00
  0.133117947075E+01  0.880476396812E+00
  0.137446610625E+01  0.871665737161E+00
  0.141916031516E+01  0.859930672704E+00
  0.146530786823E+01  0.845428103801E+00
  0.151295602461E+01  0.828330235353E+00
  0.156215358017E+01  0.808822752869E+00
  0.161295091750E+01  0.787102941008E+00
  0.166540005752E+01  0.763378017706E+00
  0.171955471272E+01  0.737863447247E+00
  0.177547034221E+01  0.710781451223E+00
  0.183320420849E+01  0.682359597753E+00
  0.189281543606E+01  0.652829436948E+00
  0.195436507204E+01  0.622425088491E+00
  0.201791614864E+01  0.591381649338E+00
  0.208353374771E+01  0.559933291057E+00
  0.215128506741E+01  0.528310943156E+00
  0.222123949100E+01  0.496739437415E+00
  0.229346865793E+01  0.465434750393E+00
  0.236804653718E+01  0.434600096186E+00
  0.244504950302E+01  0.404423004472E+00
  0.252455641320E+01  0.375072207792E+00
  0.260664868976E+01  0.346695117251E+00
  0.269141040236E+01  0.319415922107E+00
  0.277892835440E+01  0.293334363774E+00
  0.286929217191E+01  0.268525173162E+00
  0.296259439533E+01  0.245038127462E+00
  0.305893057429E+01  0.222898675853E+00
  0.315839936547E+01  0.202109095518E+00
  0.326110263359E+01  0.182650169345E+00
  0.336714555578E+01  0.164483445316E+00
  0.347663672926E+01  0.147554300247E+00
  0.358968828254E+01  0.131796371679E+00
  0.370641599031E+01  0.117138439672E+00
  0.382693939194E+01  0.103514991642E+00
  0.395138191392E+01  0.908797029736E-01
  0.407987099627E+01  0.792154923879E-01
  0.421253822304E+01  0.685312815041E-01
  0.434951945705E+01  0.588442094809E-01
  0.449095497907E+01  0.501593226099E-01
  0.463698963143E+01  0.424584018109E-01
  0.478777296637E+01  0.356993624674E-01
  0.494345939920E+01  0.298216182895E-01
  0.510420836644E+01  0.247529822194E-01
  0.527018448908E+01  0.204157792953E-01
  0.544155774116E+01  0.167314413103E-01
  0.561850362387E+01  0.136236288725E-01
  0.580120334527E+01  0.110201864967E-01
  0.598984400583E+01  0.885425892424E-02
  0.618461879006E+01  0.706483696069E-02
  0.638572716438E+01  0.559692788164E-02
  0.659337508132E+01  0.440148364993E-02
  0.680777519051E+01  0.343517503196E-02
  0.702914705638E+01  0.266006920334E-02
  0.725771738308E+01  0.204324881162E-02
  0.749372024659E+01  0.155639819469E-02
  0.773739733446E+01  0.117537481455E-02
  0.798899819333E+01  0.879778341812E-03
  0.824878048446E+01  0.652531528048E-03
  0.851701024763E+01  0.479473187726E-03
  0.879396217354E+01  0.348908693804E-03
  0.907991988517E+01  0.251305489900E-03
  0.937517622821E+01  0.179099814031E-03
  0.968003357094E+01  0.126254280820E-03
  0.999480411394E+01  0.880043697280E-04
  0.103198102097E+02  0.606335800299E-04
  0.106553846930E+02  0.412772733416E-04
  0.110018712213E+02  0.277542643543E-04
  0.113596246271E+02  0.184244914855E-04
  0.117290112811E+02  0.120705875913E-04
  0.121104094677E+02  0.780085548995E-05
  0.125042097718E+02  0.497100730727E-05
  0.129108154794E+02  0.312202096832E-05
  0.133306429903E+02  0.193157100117E-05
  0.137641222444E+02  0.117667443271E-05
  0.142116971625E+02  0.705428519531E-06
  0.146738261004E+02  0.415981284710E-06
  0.151509823185E+02  0.241148307112E-06
  0.156436544664E+02  0.137354273973E-06
  0.161523470835E+02  0.768241299880E-07
  0.166775811154E+02  0.421689186748E-07
  0.172198944478E+02  0.227017870328E-07
  0.177798424569E+02  0.119791265327E-07
  0.183579985783E+02  0.619161019091E-08
  0.189549548945E+02  0.313257879529E-08
  0.195713227408E+02  0.155030597738E-08
  0.202077333319E+02  0.749958291275E-09
  0.208648384077E+02  0.354354686825E-09
  0.215433109013E+02  0.163413251780E-09
  0.222438456278E+02  0.734920251061E-10
  0.229671599960E+02  0.322063628923E-10
  0.237139947431E+02  0.137412053090E-10
  0.244851146929E+02  0.570309907772E-11
  0.252813095399E+02  0.230042952495E-11
  0.261033946569E+02  0.900980087738E-12
  0.269522119312E+02  0.342304754373E-12
  0.278286306256E+02  0.126029403885E-12
  0.287335482696E+02  0.449208376041E-13
  0.296678915779E+02  0.154839671894E-13
  0.306326173997E+02  0.515586639041E-14
  0.316287136985E+02  0.165659884499E-14
  0.326572005640E+02  0.513008805565E-15
  0.337191312566E+02  0.152933714618E-15
  0.348155932861E+02  0.438343925066E-16
  0.359477095255E+02  0.120643838131E-16
  0.371166393607E+02  0.318420411472E-17
  0.383235798780E+02  0.804842778299E-18
  0.395697670900E+02  0.194547402967E-18
  0.408564772013E+02  0.449070331268E-19
  0.421850279154E+02  0.988389283965E-20
  0.435567797844E+02  0.207107554382E-20
  0.449731376022E+02  0.412502254877E-21
  0.464355518427E+02  0.779660510270E-22
  0.479455201461E+02  0.139603867197E-22
  0.495045888518E+02  0.236397492282E-23
&
