& Gd  5  355 a ! ELEMENT  LDIM  NMAX
& T T T T T
& 0.0 0.0 0.0 0.0 0.0
& 0 = L
  0.627315788648E-04  0.258237621435E-03
  0.647714533133E-04  0.266634864551E-03
  0.668776593901E-04  0.275305165054E-03
  0.690523540341E-04  0.284257402087E-03
  0.712977643227E-04  0.293500743522E-03
  0.736161897523E-04  0.303044655347E-03
  0.760100045931E-04  0.312898911359E-03
  0.784816603207E-04  0.323073603176E-03
  0.810336881265E-04  0.333579150568E-03
  0.836687015101E-04  0.344426312132E-03
  0.863893989553E-04  0.355626196305E-03
  0.891985666942E-04  0.367190272746E-03
  0.920990815598E-04  0.379130384075E-03
  0.950939139331E-04  0.391458758006E-03
  0.981861307839E-04  0.404188019867E-03
  0.101378898813E-03  0.417331205530E-03
  0.104675487692E-03  0.430901774761E-03
  0.108079273419E-03  0.444913625002E-03
  0.111593741766E-03  0.459381105607E-03
  0.115222491855E-03  0.474319032533E-03
  0.118969239846E-03  0.489742703515E-03
  0.122837822734E-03  0.505667913732E-03
  0.126832202286E-03  0.522110971982E-03
  0.130956469097E-03  0.539088717384E-03
  0.135214846775E-03  0.556618536622E-03
  0.139611696273E-03  0.574718381749E-03
  0.144151520347E-03  0.593406788577E-03
  0.148838968174E-03  0.612702895652E-03
  0.153678840112E-03  0.632626463858E-03
  0.158676092610E-03  0.653197896653E-03
  0.163835843293E-03  0.674438260961E-03
  0.169163376197E-03  0.696369308751E-03
  0.174664147180E-03  0.719013499309E-03
  0.180343789512E-03  0.742394022238E-03
  0.186208119645E-03  0.766534821208E-03
  0.192263143163E-03  0.791460618477E-03
  0.198515060941E-03  0.817196940204E-03
  0.204970275488E-03  0.843770142593E-03
  0.211635397509E-03  0.871207438885E-03
  0.218517252670E-03  0.899536927222E-03
  0.225622888593E-03  0.928787619425E-03
  0.232959582070E-03  0.958989470703E-03
  0.240534846515E-03  0.990173410330E-03
  0.248356439663E-03  0.102237137332E-02
  0.256432371507E-03  0.105561633312E-02
  0.264770912508E-03  0.108994233540E-02
  0.273380602060E-03  0.112538453289E-02
  0.282270257238E-03  0.116197922140E-02
  0.291448981825E-03  0.119976387698E-02
  0.300926175638E-03  0.123877719430E-02
  0.310711544151E-03  0.127905912627E-02
  0.320815108436E-03  0.132065092497E-02
  0.331247215427E-03  0.136359518388E-02
  0.342018548512E-03  0.140793588148E-02
  0.353140138477E-03  0.145371842633E-02
  0.364623374804E-03  0.150098970356E-02
  0.376480017328E-03  0.154979812284E-02
  0.388722208289E-03  0.160019366799E-02
  0.401362484759E-03  0.165222794818E-02
  0.414413791487E-03  0.170595425075E-02
  0.427889494150E-03  0.176142759577E-02
  0.441803393046E-03  0.181870479242E-02
  0.456169737223E-03  0.187784449714E-02
  0.471003239073E-03  0.193890727369E-02
  0.486319089398E-03  0.200195565518E-02
  0.502132972968E-03  0.206705420811E-02
  0.518461084580E-03  0.213426959847E-02
  0.535320145649E-03  0.220367066002E-02
  0.552727421325E-03  0.227532846477E-02
  0.570700738180E-03  0.234931639575E-02
  0.589258502461E-03  0.242571022216E-02
  0.608419718941E-03  0.250458817698E-02
  0.628204010380E-03  0.258603103701E-02
  0.648631637620E-03  0.267012220568E-02
  0.669723520337E-03  0.275694779836E-02
  0.691501258463E-03  0.284659673059E-02
  0.713987154303E-03  0.293916080910E-02
  0.737204235381E-03  0.303473482583E-02
  0.761176278016E-03  0.313341665500E-02
  0.785927831675E-03  0.323530735327E-02
  0.811484244110E-03  0.334051126327E-02
  0.837871687323E-03  0.344913612041E-02
  0.865117184361E-03  0.356129316318E-02
  0.893248636993E-03  0.367709724705E-02
  0.922294854285E-03  0.379666696208E-02
  0.952285582102E-03  0.392012475428E-02
  0.983251533570E-03  0.404759705105E-02
  0.101522442053E-02  0.417921439055E-02
  0.104823698601E-02  0.431511155535E-02
  0.108232303776E-02  0.445542771045E-02
  0.111751748289E-02  0.460030654570E-02
  0.115385636356E-02  0.474989642293E-02
  0.119137689399E-02  0.490435052779E-02
  0.123011749846E-02  0.506382702657E-02
  0.127011785074E-02  0.522848922814E-02
  0.131141891469E-02  0.539850575104E-02
  0.135406298621E-02  0.557405069610E-02
  0.139809373654E-02  0.575530382466E-02
  0.144355625704E-02  0.594245074250E-02
  0.149049710528E-02  0.613568308984E-02
  0.153896435281E-02  0.633519873744E-02
  0.158900763432E-02  0.654120198907E-02
  0.164067819850E-02  0.675390379062E-02
  0.169402896052E-02  0.697352194590E-02
  0.174911455623E-02  0.720028133954E-02
  0.180599139809E-02  0.743441416700E-02
  0.186471773296E-02  0.767616017222E-02
  0.192535370174E-02  0.792576689278E-02
  0.198796140095E-02  0.818348991318E-02
  0.205260494635E-02  0.844959312622E-02
  0.211935053858E-02  0.872434900291E-02
  0.218826653096E-02  0.900803887112E-02
  0.225942349949E-02  0.930095320326E-02
  0.233289431512E-02  0.960339191329E-02
  0.240875421839E-02  0.991566466330E-02
  0.248708089647E-02  0.102380911801E-01
  0.256795456271E-02  0.105710015821E-01
  0.265145803883E-02  0.109147367165E-01
  0.273767683967E-02  0.112696485077E-01
  0.282669926083E-02  0.116361003169E-01
  0.291861646904E-02  0.120144673133E-01
  0.301352259556E-02  0.124051368573E-01
  0.311151483254E-02  0.128085088959E-01
  0.321269353262E-02  0.132249963712E-01
  0.331716231161E-02  0.136550256420E-01
  0.342502815468E-02  0.140990369190E-01
  0.353640152587E-02  0.145574847137E-01
  0.365139648124E-02  0.150308383023E-01
  0.377013078569E-02  0.155195822041E-01
  0.389272603352E-02  0.160242166758E-01
  0.401930777296E-02  0.165452582213E-01
  0.415000563480E-02  0.170832401177E-01
  0.428495346504E-02  0.176387129591E-01
  0.442428946207E-02  0.182122452167E-01
  0.456815631813E-02  0.188044238178E-01
  0.471670136544E-02  0.194158547429E-01
  0.487007672711E-02  0.200471636419E-01
  0.502843947292E-02  0.206989964703E-01
  0.519195178016E-02  0.213720201455E-01
  0.536078109971E-02  0.220669232240E-01
  0.553510032756E-02  0.227844166004E-01
  0.571508798183E-02  0.235252342284E-01
  0.590092838560E-02  0.242901338651E-01
  0.609281185568E-02  0.250798978384E-01
  0.629093489752E-02  0.258953338391E-01
  0.649550040642E-02  0.267372757379E-01
  0.670671787535E-02  0.276065844285E-01
  0.692480360944E-02  0.285041486962E-01
  0.714998094755E-02  0.294308861158E-01
  0.738248049094E-02  0.303877439752E-01
  0.762254033947E-02  0.313757002301E-01
  0.787040633540E-02  0.323957644870E-01
  0.812633231516E-02  0.334489790177E-01
  0.839058036933E-02  0.345364198044E-01
  0.866342111100E-02  0.356591976182E-01
  0.894513395294E-02  0.368184591297E-01
  0.923600739371E-02  0.380153880546E-01
  0.953633931313E-02  0.392512063338E-01
  0.984643727734E-02  0.405271753497E-01
  0.101666188537E-01  0.418445971789E-01
  0.104972119363E-01  0.432048158832E-01
  0.108385550811E-01  0.446092188393E-01
  0.111909978534E-01  0.460592381075E-01
  0.115549011855E-01  0.475563518417E-01
  0.119306377461E-01  0.491020857404E-01
  0.123185923223E-01  0.506980145403E-01
  0.127191622135E-01  0.523457635531E-01
  0.131327576382E-01  0.540470102465E-01
  0.135598021544E-01  0.558034858704E-01
  0.140007330929E-01  0.576169771282E-01
  0.144560020055E-01  0.594893278958E-01
  0.149260751274E-01  0.614224409872E-01
  0.154114338546E-01  0.634182799681E-01
  0.159125752367E-01  0.654788710187E-01
  0.164300124864E-01  0.676063048452E-01
  0.169642755046E-01  0.698027386411E-01
  0.175159114233E-01  0.720703980987E-01
  0.180854851659E-01  0.744115794705E-01
  0.186735800258E-01  0.768286516809E-01
  0.192807982633E-01  0.793240584893E-01
  0.199077617231E-01  0.819003207014E-01
  0.205551124706E-01  0.845600384324E-01
  0.212235134494E-01  0.873058934174E-01
  0.219136491606E-01  0.901406513713E-01
  0.226262263634E-01  0.930671643955E-01
  0.233619747992E-01  0.960883734301E-01
  0.241216479387E-01  0.992073107503E-01
  0.249060237535E-01  0.102427102505E+00
  0.257159055130E-01  0.105750971291E+00
  0.265521226070E-01  0.109182238773E+00
  0.274155313947E-01  0.112724328323E+00
  0.283070160823E-01  0.116380767696E+00
  0.292274896279E-01  0.120155191732E+00
  0.301778946769E-01  0.124051345065E+00
  0.311592045272E-01  0.128073084858E+00
  0.321724241257E-01  0.132224383526E+00
  0.332185910979E-01  0.136509331474E+00
  0.342987768101E-01  0.140932139800E+00
  0.354140874670E-01  0.145497142995E+00
  0.365656652441E-01  0.150208801593E+00
  0.377546894577E-01  0.155071704776E+00
  0.389823777724E-01  0.160090572917E+00
  0.402499874484E-01  0.165270260040E+00
  0.415588166288E-01  0.170615756177E+00
  0.429102056690E-01  0.176132189611E+00
  0.443055385095E-01  0.181824828967E+00
  0.457462440930E-01  0.187699085138E+00
  0.472337978280E-01  0.193760513009E+00
  0.487697230994E-01  0.200014812946E+00
  0.503555928291E-01  0.206467832026E+00
  0.519930310860E-01  0.213125564948E+00
  0.536837147502E-01  0.219994154604E+00
  0.554293752294E-01  0.227079892242E+00
  0.572318002325E-01  0.234389217179E+00
  0.590928356001E-01  0.241928716001E+00
  0.610143871953E-01  0.249705121180E+00
  0.629984228546E-01  0.257725309050E+00
  0.650469744040E-01  0.265996297045E+00
  0.671621397392E-01  0.274525240121E+00
  0.693460849745E-01  0.283319426265E+00
  0.716010466605E-01  0.292386270988E+00
  0.739293340752E-01  0.301733310678E+00
  0.763333315882E-01  0.311368194691E+00
  0.788155011030E-01  0.321298676045E+00
  0.813783845783E-01  0.331532600553E+00
  0.840246066305E-01  0.342077894239E+00
  0.867568772224E-01  0.352942548846E+00
  0.895779944377E-01  0.364134605246E+00
  0.924908473471E-01  0.375662134522E+00
  0.954984189664E-01  0.387533216496E+00
  0.986037893117E-01  0.399755915445E+00
  0.101810138554E+00  0.412338252712E+00
  0.105120750274E+00  0.425288175928E+00
  0.108539014829E+00  0.438613524496E+00
  0.112068432820E+00  0.452321990997E+00
  0.115712618678E+00  0.466421078116E+00
  0.119475304370E+00  0.480918050691E+00
  0.123360343214E+00  0.495819882422E+00
  0.127371713829E+00  0.511133196771E+00
  0.131513524209E+00  0.526864201530E+00
  0.135790015930E+00  0.543018616515E+00
  0.140205568493E+00  0.559601593795E+00
  0.144764703811E+00  0.576617629843E+00
  0.149472090835E+00  0.594070468933E+00
  0.154332550341E+00  0.611962997119E+00
  0.159351059866E+00  0.630297126037E+00
  0.164532758800E+00  0.649073665807E+00
  0.169882953658E+00  0.668292186215E+00
  0.175407123504E+00  0.687950865409E+00
  0.181110925574E+00  0.708046325244E+00
  0.187000201057E+00  0.728573452493E+00
  0.193080981087E+00  0.749525205065E+00
  0.199359492913E+00  0.770892402454E+00
  0.205842166282E+00  0.792663499637E+00
  0.212535640016E+00  0.814824343724E+00
  0.219446768818E+00  0.837357912735E+00
  0.226582630287E+00  0.860244035993E+00
  0.233950532169E+00  0.883459095791E+00
  0.241558019840E+00  0.906975710168E+00
  0.249412884032E+00  0.930762396888E+00
  0.257523168812E+00  0.954783219033E+00
  0.265897179820E+00  0.978997412994E+00
  0.274543492775E+00  0.100335900010E+01
  0.283470962258E+00  0.102781638371E+01
  0.292688730777E+00  0.105231193421E+01
  0.302206238133E+00  0.107678156522E+01
  0.312033231084E+00  0.110115430512E+01
  0.322179773332E+00  0.112535186919E+01
  0.332656255820E+00  0.114928823894E+01
  0.343473407384E+00  0.117286925635E+01
  0.354642305730E+00  0.119599224276E+01
  0.366174388788E+00  0.121854565374E+01
  0.378081466418E+00  0.124040878332E+01
  0.390375732508E+00  0.126145153341E+01
  0.403069777461E+00  0.128153426650E+01
  0.416176601088E+00  0.130050776272E+01
  0.429709625922E+00  0.131821330498E+01
  0.443682710962E+00  0.133448291914E+01
  0.458110165870E+00  0.134913979909E+01
  0.473006765619E+00  0.136199894998E+01
  0.488387765629E+00  0.137286808543E+01
  0.504268917389E+00  0.138154881766E+01
  0.520666484585E+00  0.138783818108E+01
  0.537597259760E+00  0.139153053178E+01
  0.555078581506E+00  0.139241986502E+01
  0.573128352225E+00  0.139030259177E+01
  0.591765056459E+00  0.138498081181E+01
  0.611007779822E+00  0.137626611458E+01
  0.630876228544E+00  0.136398392979E+01
  0.651390749653E+00  0.134797843556E+01
  0.672572351810E+00  0.132811801355E+01
  0.694442726828E+00  0.130430121523E+01
  0.717024271882E+00  0.127646317177E+01
  0.740340112447E+00  0.124458233993E+01
  0.764414125981E+00  0.120868742760E+01
  0.789270966378E+00  0.116886428405E+01
  0.814936089214E+00  0.112526247196E+01
  0.841435777818E+00  0.107810116059E+01
  0.868797170187E+00  0.102767389353E+01
  0.897048286778E+00  0.974351692945E+00
  0.926218059202E+00  0.918583868528E+00
  0.956336359856E+00  0.860895810598E+00
  0.987434032511E+00  0.801882970394E+00
  0.101954292390E+01  0.742200179579E+00
  0.105269591634E+01  0.682545449890E+00
  0.108692696138E+01  0.623637442466E+00
  0.112227111462E+01  0.566185927935E+00
  0.115876457154E+01  0.510854799923E+00
  0.119644470464E+01  0.458217586123E+00
  0.123535010167E+01  0.408705953085E+00
  0.127552060516E+01  0.362552252757E+00
  0.131699735320E+01  0.319782338670E+00
  0.135982282162E+01  0.280411992922E+00
  0.140404086744E+01  0.244434450801E+00
  0.144969677379E+01  0.211794849927E+00
  0.149683729633E+01  0.182396216181E+00
  0.154551071105E+01  0.156105851471E+00
  0.159576686380E+01  0.132762158924E+00
  0.164765722125E+01  0.112181726132E+00
  0.170123492369E+01  0.941662575899E-01
  0.175655483934E+01  0.785088990866E-01
  0.181367362065E+01  0.649996632428E-01
  0.187264976223E+01  0.534299006634E-01
  0.193354366081E+01  0.435959150385E-01
  0.199641767706E+01  0.353018575091E-01
  0.206133619946E+01  0.283620035664E-01
  0.212836571027E+01  0.226024879375E-01
  0.219757485354E+01  0.178625402576E-01
  0.226903450550E+01  0.139952613186E-01
  0.234281784707E+01  0.108679807791E-01
  0.241900043884E+01  0.836224399158E-02
  0.249766029844E+01  0.637348167848E-02
  0.257887798045E+01  0.481042056485E-02
  0.266273665886E+01  0.359429381726E-02
  0.274932221229E+01  0.265790719776E-02
  0.283872331191E+01  0.194461090336E-02
  0.293103151227E+01  0.140722009140E-02
  0.302634134502E+01  0.100692052457E-02
  0.312475041576E+01  0.712190288625E-03
  0.322635950398E+01  0.497763891379E-03
  0.333127266627E+01  0.343660495888E-03
  0.343959734287E+01  0.234293087053E-03
  0.355144446771E+01  0.157670009602E-03
  0.366692858203E+01  0.104694829723E-03
  0.378616795165E+01  0.685653862337E-04
  0.390928468810E+01  0.442685642762E-04
  0.403640487369E+01  0.281640159232E-04
  0.416765869058E+01  0.176478299054E-04
  0.430318055416E+01  0.108859533688E-04
  0.444310925066E+01  0.660683742031E-05
  0.458758807929E+01  0.394311786934E-05
  0.473676499900E+01  0.231294806253E-05
  0.489079277998E+01  0.133268430237E-05
  0.504982916015E+01  0.753830363420E-06
  0.521403700665E+01  0.418358665939E-06
& 0 = L
  0.627315788648E-04 -0.244097077121E-03
  0.647714533133E-04 -0.252034504924E-03
  0.668776593901E-04 -0.260230038057E-03
  0.690523540341E-04 -0.268692069460E-03
  0.712977643227E-04 -0.277429264990E-03
  0.736161897523E-04 -0.286450572295E-03
  0.760100045931E-04 -0.295765229980E-03
  0.784816603207E-04 -0.305382777063E-03
  0.810336881265E-04 -0.315313062748E-03
  0.836687015101E-04 -0.325566256512E-03
  0.863893989553E-04 -0.336152858516E-03
  0.891985666942E-04 -0.347083710359E-03
  0.920990815598E-04 -0.358370006183E-03
  0.950939139331E-04 -0.370023304133E-03
  0.981861307839E-04 -0.382055538199E-03
  0.101378898813E-03 -0.394479030430E-03
  0.104675487692E-03 -0.407306503559E-03
  0.108079273419E-03 -0.420551094030E-03
  0.111593741766E-03 -0.434226365449E-03
  0.115222491855E-03 -0.448346322477E-03
  0.118969239846E-03 -0.462925425170E-03
  0.122837822734E-03 -0.477978603788E-03
  0.126832202286E-03 -0.493521274086E-03
  0.130956469097E-03 -0.509569353099E-03
  0.135214846775E-03 -0.526139275440E-03
  0.139611696273E-03 -0.543248010138E-03
  0.144151520347E-03 -0.560913078008E-03
  0.148838968174E-03 -0.579152569596E-03
  0.153678840112E-03 -0.597985163706E-03
  0.158676092610E-03 -0.617430146529E-03
  0.163835843293E-03 -0.637507431390E-03
  0.169163376197E-03 -0.658237579146E-03
  0.174664147180E-03 -0.679641819236E-03
  0.180343789512E-03 -0.701742071426E-03
  0.186208119645E-03 -0.724560968253E-03
  0.192263143163E-03 -0.748121878204E-03
  0.198515060941E-03 -0.772448929649E-03
  0.204970275488E-03 -0.797567035543E-03
  0.211635397509E-03 -0.823501918947E-03
  0.218517252670E-03 -0.850280139364E-03
  0.225622888593E-03 -0.877929119940E-03
  0.232959582070E-03 -0.906477175545E-03
  0.240534846515E-03 -0.935953541772E-03
  0.248356439663E-03 -0.966388404872E-03
  0.256432371507E-03 -0.997812932670E-03
  0.264770912508E-03 -0.103025930648E-02
  0.273380602060E-03 -0.106376075406E-02
  0.282270257238E-03 -0.109835158364E-02
  0.291448981825E-03 -0.113406721905E-02
  0.300926175638E-03 -0.117094423601E-02
  0.310711544151E-03 -0.120902039957E-02
  0.320815108436E-03 -0.124833470277E-02
  0.331247215427E-03 -0.128892740661E-02
  0.342018548512E-03 -0.133084008125E-02
  0.353140138477E-03 -0.137411564857E-02
  0.364623374804E-03 -0.141879842615E-02
  0.376480017328E-03 -0.146493417262E-02
  0.388722208289E-03 -0.151257013456E-02
  0.401362484759E-03 -0.156175509484E-02
  0.414413791487E-03 -0.161253942257E-02
  0.427889494150E-03 -0.166497512473E-02
  0.441803393046E-03 -0.171911589936E-02
  0.456169737223E-03 -0.177501719058E-02
  0.471003239073E-03 -0.183273624538E-02
  0.486319089398E-03 -0.189233217217E-02
  0.502132972968E-03 -0.195386600139E-02
  0.518461084580E-03 -0.201740074793E-02
  0.535320145649E-03 -0.208300147570E-02
  0.552727421325E-03 -0.215073536422E-02
  0.570700738180E-03 -0.222067177743E-02
  0.589258502461E-03 -0.229288233468E-02
  0.608419718941E-03 -0.236744098409E-02
  0.628204010380E-03 -0.244442407824E-02
  0.648631637620E-03 -0.252391045238E-02
  0.669723520337E-03 -0.260598150507E-02
  0.691501258463E-03 -0.269072128161E-02
  0.713987154303E-03 -0.277821656000E-02
  0.737204235381E-03 -0.286855693987E-02
  0.761176278016E-03 -0.296183493410E-02
  0.785927831675E-03 -0.305814606364E-02
  0.811484244110E-03 -0.315758895520E-02
  0.837871687323E-03 -0.326026544230E-02
  0.865117184361E-03 -0.336628066944E-02
  0.893248636993E-03 -0.347574319976E-02
  0.922294854285E-03 -0.358876512618E-02
  0.952285582102E-03 -0.370546218611E-02
  0.983251533570E-03 -0.382595387991E-02
  0.101522442053E-02 -0.395036359323E-02
  0.104823698601E-02 -0.407881872325E-02
  0.108232303776E-02 -0.421145080911E-02
  0.111751748289E-02 -0.434839566646E-02
  0.115385636356E-02 -0.448979352649E-02
  0.119137689399E-02 -0.463578917943E-02
  0.123011749846E-02 -0.478653212266E-02
  0.127011785074E-02 -0.494217671372E-02
  0.131141891469E-02 -0.510288232820E-02
  0.135406298621E-02 -0.526881352280E-02
  0.139809373654E-02 -0.544014020367E-02
  0.144355625704E-02 -0.561703780021E-02
  0.149049710528E-02 -0.579968744447E-02
  0.153896435281E-02 -0.598827615646E-02
  0.158900763432E-02 -0.618299703536E-02
  0.164067819850E-02 -0.638404945697E-02
  0.169402896052E-02 -0.659163927760E-02
  0.174911455623E-02 -0.680597904449E-02
  0.180599139809E-02 -0.702728821310E-02
  0.186471773296E-02 -0.725579337141E-02
  0.192535370174E-02 -0.749172847150E-02
  0.198796140095E-02 -0.773533506857E-02
  0.205260494635E-02 -0.798686256779E-02
  0.211935053858E-02 -0.824656847904E-02
  0.218826653096E-02 -0.851471867990E-02
  0.225942349949E-02 -0.879158768722E-02
  0.233289431512E-02 -0.907745893733E-02
  0.240875421839E-02 -0.937262507540E-02
  0.248708089647E-02 -0.967738825410E-02
  0.256795456271E-02 -0.999206044190E-02
  0.265145803883E-02 -0.103169637413E-01
  0.273767683967E-02 -0.106524307172E-01
  0.282669926083E-02 -0.109988047363E-01
  0.291861646904E-02 -0.113564403166E-01
  0.301352259556E-02 -0.117257034889E-01
  0.311151483254E-02 -0.121069721697E-01
  0.321269353262E-02 -0.125006365457E-01
  0.331716231161E-02 -0.129070994714E-01
  0.342502815468E-02 -0.133267768782E-01
  0.353640152587E-02 -0.137600981984E-01
  0.365139648124E-02 -0.142075068007E-01
  0.377013078569E-02 -0.146694604415E-01
  0.389272603352E-02 -0.151464317289E-01
  0.401930777296E-02 -0.156389086032E-01
  0.415000563480E-02 -0.161473948311E-01
  0.428495346504E-02 -0.166724105167E-01
  0.442428946207E-02 -0.172144926282E-01
  0.456815631813E-02 -0.177741955413E-01
  0.471670136544E-02 -0.183520916002E-01
  0.487007672711E-02 -0.189487716956E-01
  0.502843947292E-02 -0.195648458617E-01
  0.519195178016E-02 -0.202009438910E-01
  0.536078109971E-02 -0.208577159694E-01
  0.553510032756E-02 -0.215358333306E-01
  0.571508798183E-02 -0.222359889307E-01
  0.590092838560E-02 -0.229588981444E-01
  0.609281185568E-02 -0.237052994822E-01
  0.629093489752E-02 -0.244759553299E-01
  0.649550040642E-02 -0.252716527115E-01
  0.670671787535E-02 -0.260932040742E-01
  0.692480360944E-02 -0.269414480989E-01
  0.714998094755E-02 -0.278172505338E-01
  0.738248049094E-02 -0.287215050546E-01
  0.762254033947E-02 -0.296551341498E-01
  0.787040633540E-02 -0.306190900327E-01
  0.812633231516E-02 -0.316143555805E-01
  0.839058036933E-02 -0.326419453013E-01
  0.866342111100E-02 -0.337029063296E-01
  0.894513395294E-02 -0.347983194502E-01
  0.923600739371E-02 -0.359293001529E-01
  0.953633931313E-02 -0.370969997161E-01
  0.984643727734E-02 -0.383026063220E-01
  0.101666188537E-01 -0.395473462031E-01
  0.104972119363E-01 -0.408324848205E-01
  0.108385550811E-01 -0.421593280740E-01
  0.111909978534E-01 -0.435292235463E-01
  0.115549011855E-01 -0.449435617791E-01
  0.119306377461E-01 -0.464037775837E-01
  0.123185923223E-01 -0.479113513849E-01
  0.127191622135E-01 -0.494678105995E-01
  0.131327576382E-01 -0.510747310488E-01
  0.135598021544E-01 -0.527337384053E-01
  0.140007330929E-01 -0.544465096742E-01
  0.144560020055E-01 -0.562147747081E-01
  0.149260751274E-01 -0.580403177565E-01
  0.154114338546E-01 -0.599249790479E-01
  0.159125752367E-01 -0.618706564049E-01
  0.164300124864E-01 -0.638793068914E-01
  0.169642755046E-01 -0.659529484901E-01
  0.175159114233E-01 -0.680936618102E-01
  0.180854851659E-01 -0.703035918228E-01
  0.186735800258E-01 -0.725849496229E-01
  0.192807982633E-01 -0.749400142148E-01
  0.199077617231E-01 -0.773711343198E-01
  0.205551124706E-01 -0.798807302020E-01
  0.212235134494E-01 -0.824712955091E-01
  0.219136491606E-01 -0.851453991250E-01
  0.226262263634E-01 -0.879056870287E-01
  0.233619747992E-01 -0.907548841548E-01
  0.241216479387E-01 -0.936957962500E-01
  0.249060237535E-01 -0.967313117185E-01
  0.257159055130E-01 -0.998644034499E-01
  0.265521226070E-01 -0.103098130620E+00
  0.274155313947E-01 -0.106435640453E+00
  0.283070160823E-01 -0.109880169946E+00
  0.292274896279E-01 -0.113435047522E+00
  0.301778946769E-01 -0.117103694621E+00
  0.311592045272E-01 -0.120889627202E+00
  0.321724241257E-01 -0.124796457143E+00
  0.332185910979E-01 -0.128827893515E+00
  0.342987768101E-01 -0.132987743724E+00
  0.354140874670E-01 -0.137279914476E+00
  0.365656652441E-01 -0.141708412566E+00
  0.377546894577E-01 -0.146277345441E+00
  0.389823777724E-01 -0.150990921517E+00
  0.402499874484E-01 -0.155853450217E+00
  0.415588166288E-01 -0.160869341685E+00
  0.429102056690E-01 -0.166043106141E+00
  0.443055385095E-01 -0.171379352828E+00
  0.457462440930E-01 -0.176882788502E+00
  0.472337978280E-01 -0.182558215406E+00
  0.487697230994E-01 -0.188410528672E+00
  0.503555928291E-01 -0.194444713076E+00
  0.519930310860E-01 -0.200665839076E+00
  0.536837147502E-01 -0.207079058058E+00
  0.554293752294E-01 -0.213689596682E+00
  0.572318002325E-01 -0.220502750251E+00
  0.590928356001E-01 -0.227523874979E+00
  0.610143871953E-01 -0.234758379050E+00
  0.629984228546E-01 -0.242211712331E+00
  0.650469744040E-01 -0.249889354610E+00
  0.671621397392E-01 -0.257796802189E+00
  0.693460849745E-01 -0.265939552677E+00
  0.716010466605E-01 -0.274323087797E+00
  0.739293340752E-01 -0.282952854002E+00
  0.763333315882E-01 -0.291834240692E+00
  0.788155011030E-01 -0.300972555790E+00
  0.813783845783E-01 -0.310372998431E+00
  0.840246066305E-01 -0.320040628478E+00
  0.867568772224E-01 -0.329980332573E+00
  0.895779944377E-01 -0.340196786403E+00
  0.924908473471E-01 -0.350694412829E+00
  0.954984189664E-01 -0.361477335514E+00
  0.986037893117E-01 -0.372549327648E+00
  0.101810138554E+00 -0.383913755336E+00
  0.105120750274E+00 -0.395573515211E+00
  0.108539014829E+00 -0.407530965774E+00
  0.112068432820E+00 -0.419787851957E+00
  0.115712618678E+00 -0.432345222368E+00
  0.119475304370E+00 -0.445203338653E+00
  0.123360343214E+00 -0.458361576372E+00
  0.127371713829E+00 -0.471818316797E+00
  0.131513524209E+00 -0.485570828970E+00
  0.135790015930E+00 -0.499615141397E+00
  0.140205568493E+00 -0.513945902704E+00
  0.144764703811E+00 -0.528556230615E+00
  0.149472090835E+00 -0.543437548590E+00
  0.154332550341E+00 -0.558579409515E+00
  0.159351059866E+00 -0.573969305855E+00
  0.164532758800E+00 -0.589592465736E+00
  0.169882953658E+00 -0.605431634529E+00
  0.175407123504E+00 -0.621466841574E+00
  0.181110925574E+00 -0.637675151863E+00
  0.187000201057E+00 -0.654030402652E+00
  0.193080981087E+00 -0.670502925193E+00
  0.199359492913E+00 -0.687059252073E+00
  0.205842166282E+00 -0.703661810950E+00
  0.212535640016E+00 -0.720268605886E+00
  0.219446768818E+00 -0.736832887972E+00
  0.226582630287E+00 -0.753302817472E+00
  0.233950532169E+00 -0.769621120395E+00
  0.241558019840E+00 -0.785724743189E+00
  0.249412884032E+00 -0.801544510104E+00
  0.257523168812E+00 -0.817004788846E+00
  0.265897179820E+00 -0.832023171266E+00
  0.274543492775E+00 -0.846510177159E+00
  0.283470962258E+00 -0.860368990748E+00
  0.292688730777E+00 -0.873495240987E+00
  0.302206238133E+00 -0.885776838689E+00
  0.312033231084E+00 -0.897093885339E+00
  0.322179773332E+00 -0.907318670557E+00
  0.332656255820E+00 -0.916315777291E+00
  0.343473407384E+00 -0.923942316066E+00
  0.354642305730E+00 -0.930048311737E+00
  0.366174388788E+00 -0.934477268333E+00
  0.378081466418E+00 -0.937066939404E+00
  0.390375732508E+00 -0.937650332793E+00
  0.403069777461E+00 -0.936056979695E+00
  0.416176601088E+00 -0.932114498020E+00
  0.429709625922E+00 -0.925650479188E+00
  0.443682710962E+00 -0.916494725200E+00
  0.458110165870E+00 -0.904481858789E+00
  0.473006765619E+00 -0.889454323196E+00
  0.488387765629E+00 -0.871265779239E+00
  0.504268917389E+00 -0.849784895242E+00
  0.520666484585E+00 -0.824899509613E+00
  0.537597259760E+00 -0.796521125960E+00
  0.555078581506E+00 -0.764589676047E+00
  0.573128352225E+00 -0.729078456542E+00
  0.591765056459E+00 -0.689999111230E+00
  0.611007779822E+00 -0.647406491470E+00
  0.630876228544E+00 -0.601403185092E+00
  0.651390749653E+00 -0.552143459027E+00
  0.672572351810E+00 -0.499836316167E+00
  0.694442726828E+00 -0.444747325714E+00
  0.717024271882E+00 -0.387198853455E+00
  0.740340112447E+00 -0.327568300219E+00
  0.764414125981E+00 -0.266283961440E+00
  0.789270966378E+00 -0.203818157850E+00
  0.814936089214E+00 -0.140677368440E+00
  0.841435777818E+00 -0.773892341889E-01
  0.868797170187E+00 -0.144865076247E-01
  0.897048286778E+00  0.475116895775E-01
  0.926218059202E+00  0.108120562765E+00
  0.956336359856E+00  0.166911089611E+00
  0.987434032511E+00  0.223530461817E+00
  0.101954292390E+01  0.277719165221E+00
  0.105269591634E+01  0.329321723931E+00
  0.108692696138E+01  0.378287580561E+00
  0.112227111462E+01  0.424658201500E+00
  0.115876457154E+01  0.468536428712E+00
  0.119644470464E+01  0.510034530259E+00
  0.123535010167E+01  0.549198543196E+00
  0.127552060516E+01  0.585902296516E+00
  0.131699735320E+01  0.619838146994E+00
  0.135982282162E+01  0.650785092182E+00
  0.140404086744E+01  0.678608038553E+00
  0.144969677379E+01  0.703200563889E+00
  0.149683729633E+01  0.724481179408E+00
  0.154551071105E+01  0.742388639896E+00
  0.159576686380E+01  0.756877675478E+00
  0.164765722125E+01  0.767916683168E+00
  0.170123492369E+01  0.775488123480E+00
  0.175655483934E+01  0.779591128141E+00
  0.181367362065E+01  0.780245025588E+00
  0.187264976223E+01  0.777492590159E+00
  0.193354366081E+01  0.771402433880E+00
  0.199641767706E+01  0.762070422416E+00
  0.206133619946E+01  0.749620449252E+00
  0.212836571027E+01  0.734204758747E+00
  0.219757485354E+01  0.716003888190E+00
  0.226903450550E+01  0.695226376171E+00
  0.234281784707E+01  0.672107883553E+00
  0.241900043884E+01  0.646909481055E+00
  0.249766029844E+01  0.619914731039E+00
  0.257887798045E+01  0.591425274447E+00
  0.266273665886E+01  0.561754783013E+00
  0.274932221229E+01  0.531221632901E+00
  0.283872331191E+01  0.500140880036E+00
  0.293103151227E+01  0.468816316892E+00
  0.302634134502E+01  0.437533451764E+00
  0.312475041576E+01  0.406553992962E+00
  0.322635950398E+01  0.376112157059E+00
  0.333127266627E+01  0.346412828909E+00
  0.343959734287E+01  0.317631369513E+00
  0.355144446771E+01  0.289914731380E+00
  0.366692858203E+01  0.263383459343E+00
  0.378616795165E+01  0.238134154820E+00
  0.390928468810E+01  0.214242014807E+00
  0.403640487369E+01  0.191763134764E+00
  0.416765869058E+01  0.170736372199E+00
  0.430318055416E+01  0.151184694261E+00
  0.444310925066E+01  0.133116057871E+00
  0.458758807929E+01  0.116523970673E+00
  0.473676499900E+01  0.101387935320E+00
  0.489079277998E+01  0.876739809977E-01
  0.504982916015E+01  0.753354423264E-01
  0.521403700665E+01  0.643140756059E-01
& 1 = L
  0.627315788648E-04  0.221082101725E-07
  0.647714533133E-04  0.235693948047E-07
  0.668776593901E-04  0.251271526328E-07
  0.690523540341E-04  0.267878664109E-07
  0.712977643227E-04  0.285583407443E-07
  0.736161897523E-04  0.304458299714E-07
  0.760100045931E-04  0.324580678867E-07
  0.784816603207E-04  0.346032994300E-07
  0.810336881265E-04  0.368903144688E-07
  0.836687015101E-04  0.393284838141E-07
  0.863893989553E-04  0.419277976160E-07
  0.891985666942E-04  0.446989062977E-07
  0.920990815598E-04  0.476531641943E-07
  0.950939139331E-04  0.508026760760E-07
  0.981861307839E-04  0.541603467463E-07
  0.101378898813E-03  0.577399339179E-07
  0.104675487692E-03  0.615561045837E-07
  0.108079273419E-03  0.656244951131E-07
  0.111593741766E-03  0.699617753207E-07
  0.115222491855E-03  0.745857167688E-07
  0.118969239846E-03  0.795152655847E-07
  0.122837822734E-03  0.847706200903E-07
  0.126832202286E-03  0.903733135632E-07
  0.130956469097E-03  0.963463024663E-07
  0.135214846775E-03  0.102714060510E-06
  0.139611696273E-03  0.109502678930E-06
  0.144151520347E-03  0.116739973396E-06
  0.148838968174E-03  0.124455597978E-06
  0.153678840112E-03  0.132681166657E-06
  0.158676092610E-03  0.141450382856E-06
  0.163835843293E-03  0.150799177538E-06
  0.169163376197E-03  0.160765856427E-06
  0.174664147180E-03  0.171391256965E-06
  0.180343789512E-03  0.182718915638E-06
  0.186208119645E-03  0.194795246359E-06
  0.192263143163E-03  0.207669730648E-06
  0.198515060941E-03  0.221395120376E-06
  0.204970275488E-03  0.236027653910E-06
  0.211635397509E-03  0.251627286541E-06
  0.218517252670E-03  0.268257936151E-06
  0.225622888593E-03  0.285987745102E-06
  0.232959582070E-03  0.304889359446E-06
  0.240534846515E-03  0.325040226585E-06
  0.248356439663E-03  0.346522912599E-06
  0.256432371507E-03  0.369425440555E-06
  0.264770912508E-03  0.393841651171E-06
  0.273380602060E-03  0.419871587319E-06
  0.282270257238E-03  0.447621903933E-06
  0.291448981825E-03  0.477206305025E-06
  0.300926175638E-03  0.508746009567E-06
  0.310711544151E-03  0.542370248175E-06
  0.320815108436E-03  0.578216792615E-06
  0.331247215427E-03  0.616432520306E-06
  0.342018548512E-03  0.657174016136E-06
  0.353140138477E-03  0.700608214048E-06
  0.364623374804E-03  0.746913081028E-06
  0.376480017328E-03  0.796278346311E-06
  0.388722208289E-03  0.848906278766E-06
  0.401362484759E-03  0.905012515670E-06
  0.414413791487E-03  0.964826946257E-06
  0.427889494150E-03  0.102859465365E-05
  0.441803393046E-03  0.109657691908E-05
  0.456169737223E-03  0.116905229242E-05
  0.471003239073E-03  0.124631773353E-05
  0.486319089398E-03  0.132868982900E-05
  0.502132972968E-03  0.141650608933E-05
  0.518461084580E-03  0.151012633180E-05
  0.535320145649E-03  0.160993415482E-05
  0.552727421325E-03  0.171633850964E-05
  0.570700738180E-03  0.182977537594E-05
  0.589258502461E-03  0.195070954827E-05
  0.608419718941E-03  0.207963654037E-05
  0.628204010380E-03  0.221708461556E-05
  0.648631637620E-03  0.236361695113E-05
  0.669723520337E-03  0.251983394593E-05
  0.691501258463E-03  0.268637568036E-05
  0.713987154303E-03  0.286392453900E-05
  0.737204235381E-03  0.305320800657E-05
  0.761176278016E-03  0.325500164866E-05
  0.785927831675E-03  0.347013228942E-05
  0.811484244110E-03  0.369948139941E-05
  0.837871687323E-03  0.394398870712E-05
  0.865117184361E-03  0.420465604942E-05
  0.893248636993E-03  0.448255147631E-05
  0.922294854285E-03  0.477881362704E-05
  0.952285582102E-03  0.509465639540E-05
  0.983251533570E-03  0.543137390339E-05
  0.101522442053E-02  0.579034580353E-05
  0.104823698601E-02  0.617304293165E-05
  0.108232303776E-02  0.658103333323E-05
  0.111751748289E-02  0.701598868805E-05
  0.115385636356E-02  0.747969115938E-05
  0.119137689399E-02  0.797404069587E-05
  0.123011749846E-02  0.850106281598E-05
  0.127011785074E-02  0.906291690687E-05
  0.131141891469E-02  0.966190507172E-05
  0.135406298621E-02  0.103004815618E-04
  0.139809373654E-02  0.109812628318E-04
  0.144355625704E-02  0.117070382597E-04
  0.149049710528E-02  0.124807815751E-04
  0.153896435281E-02  0.133056630427E-04
  0.158900763432E-02  0.141850624511E-04
  0.164067819850E-02  0.151225829599E-04
  0.169402896052E-02  0.161220658615E-04
  0.174911455623E-02  0.171876063189E-04
  0.180599139809E-02  0.183235701435E-04
  0.186471773296E-02  0.195346116811E-04
  0.192535370174E-02  0.208256928803E-04
  0.198796140095E-02  0.222021036205E-04
  0.205260494635E-02  0.236694833841E-04
  0.211935053858E-02  0.252338443592E-04
  0.218826653096E-02  0.269015960707E-04
  0.225942349949E-02  0.286795716373E-04
  0.233289431512E-02  0.305750557646E-04
  0.240875421839E-02  0.325958145871E-04
  0.248708089647E-02  0.347501274825E-04
  0.256795456271E-02  0.370468209879E-04
  0.265145803883E-02  0.394953049563E-04
  0.273767683967E-02  0.421056111029E-04
  0.282669926083E-02  0.448884340974E-04
  0.291861646904E-02  0.478551753711E-04
  0.301352259556E-02  0.510179898187E-04
  0.311151483254E-02  0.543898355845E-04
  0.321269353262E-02  0.579845271382E-04
  0.331716231161E-02  0.618167918565E-04
  0.342502815468E-02  0.659023303422E-04
  0.353640152587E-02  0.702578807279E-04
  0.365139648124E-02  0.749012872267E-04
  0.377013078569E-02  0.798515732110E-04
  0.389272603352E-02  0.851290191173E-04
  0.401930777296E-02  0.907552454966E-04
  0.415000563480E-02  0.967533015491E-04
  0.428495346504E-02  0.103147759505E-03
  0.442428946207E-02  0.109964815239E-03
  0.456815631813E-02  0.117232395526E-03
  0.471670136544E-02  0.124980272379E-03
  0.487007672711E-02  0.133240184938E-03
  0.502843947292E-02  0.142045969399E-03
  0.519195178016E-02  0.151433697530E-03
  0.536078109971E-02  0.161441824317E-03
  0.553510032756E-02  0.172111345365E-03
  0.571508798183E-02  0.183485964679E-03
  0.590092838560E-02  0.195612273520E-03
  0.609281185568E-02  0.208539941062E-03
  0.629093489752E-02  0.222321917625E-03
  0.649550040642E-02  0.237014651308E-03
  0.670671787535E-02  0.252678318927E-03
  0.692480360944E-02  0.269377072160E-03
  0.714998094755E-02  0.287179299939E-03
  0.738248049094E-02  0.306157908132E-03
  0.762254033947E-02  0.326390617658E-03
  0.787040633540E-02  0.347960282258E-03
  0.812633231516E-02  0.370955227193E-03
  0.839058036933E-02  0.395469610255E-03
  0.866342111100E-02  0.421603806566E-03
  0.894513395294E-02  0.449464818696E-03
  0.923600739371E-02  0.479166713797E-03
  0.953633931313E-02  0.510831089492E-03
  0.984643727734E-02  0.544587570425E-03
  0.101666188537E-01  0.580574337462E-03
  0.104972119363E-01  0.618938691702E-03
  0.108385550811E-01  0.659837655544E-03
  0.111909978534E-01  0.703438613259E-03
  0.115549011855E-01  0.749919993630E-03
  0.119306377461E-01  0.799471997413E-03
  0.123185923223E-01  0.852297372528E-03
  0.127191622135E-01  0.908612240106E-03
  0.131327576382E-01  0.968646974688E-03
  0.135598021544E-01  0.103264714209E-02
  0.140007330929E-01  0.110087449870E-02
  0.144560020055E-01  0.117360805616E-02
  0.149260751274E-01  0.125114521568E-02
  0.154114338546E-01  0.133380297651E-02
  0.159125752367E-01  0.142191922328E-02
  0.164300124864E-01  0.151585409743E-02
  0.169642755046E-01  0.161599145797E-02
  0.175159114233E-01  0.172274043743E-02
  0.180854851659E-01  0.183653709909E-02
  0.186735800258E-01  0.195784620188E-02
  0.192807982633E-01  0.208716307992E-02
  0.199077617231E-01  0.222501564401E-02
  0.205551124706E-01  0.237196651263E-02
  0.212235134494E-01  0.252861528095E-02
  0.219136491606E-01  0.269560093626E-02
  0.226262263634E-01  0.287360442926E-02
  0.233619747992E-01  0.306335141086E-02
  0.241216479387E-01  0.326561514486E-02
  0.249060237535E-01  0.348121960749E-02
  0.257159055130E-01  0.371104278531E-02
  0.265521226070E-01  0.395602018383E-02
  0.274155313947E-01  0.421714855960E-02
  0.283070160823E-01  0.449548988962E-02
  0.292274896279E-01  0.479217559223E-02
  0.301778946769E-01  0.510841101494E-02
  0.311592045272E-01  0.544548020481E-02
  0.321724241257E-01  0.580475097859E-02
  0.332185910979E-01  0.618768030992E-02
  0.342987768101E-01  0.659582005236E-02
  0.354140874670E-01  0.703082301762E-02
  0.365656652441E-01  0.749444942931E-02
  0.377546894577E-01  0.798857377351E-02
  0.389823777724E-01  0.851519206834E-02
  0.402499874484E-01  0.907642957570E-02
  0.415588166288E-01  0.967454897919E-02
  0.429102056690E-01  0.103119590530E-01
  0.443055385095E-01  0.109912238480E-01
  0.457462440930E-01  0.117150724208E-01
  0.472337978280E-01  0.124864091340E-01
  0.487697230994E-01  0.133083245552E-01
  0.503555928291E-01  0.141841069829E-01
  0.519930310860E-01  0.151172546292E-01
  0.536837147502E-01  0.161114884876E-01
  0.554293752294E-01  0.171707659153E-01
  0.572318002325E-01  0.182992949591E-01
  0.590928356001E-01  0.195015494540E-01
  0.610143871953E-01  0.207822849207E-01
  0.629984228546E-01  0.221465552895E-01
  0.650469744040E-01  0.235997304750E-01
  0.671621397392E-01  0.251475148238E-01
  0.693460849745E-01  0.267959664538E-01
  0.716010466605E-01  0.285515175022E-01
  0.739293340752E-01  0.304209952911E-01
  0.763333315882E-01  0.324116444179E-01
  0.788155011030E-01  0.345311497664E-01
  0.813783845783E-01  0.367876604316E-01
  0.840246066305E-01  0.391898145352E-01
  0.867568772224E-01  0.417467649036E-01
  0.895779944377E-01  0.444682055609E-01
  0.924908473471E-01  0.473643989775E-01
  0.954984189664E-01  0.504462039945E-01
  0.986037893117E-01  0.537251043225E-01
  0.101810138554E+00  0.572132374899E-01
  0.105120750274E+00  0.609234240847E-01
  0.108539014829E+00  0.648691971035E-01
  0.112068432820E+00  0.690648311822E-01
  0.115712618678E+00  0.735253714397E-01
  0.119475304370E+00  0.782666616173E-01
  0.123360343214E+00  0.833053711407E-01
  0.127371713829E+00  0.886590206692E-01
  0.131513524209E+00  0.943460056227E-01
  0.135790015930E+00  0.100385617101E+00
  0.140205568493E+00  0.106798059516E+00
  0.144764703811E+00  0.113604464158E+00
  0.149472090835E+00  0.120826897806E+00
  0.154332550341E+00  0.128488365362E+00
  0.159351059866E+00  0.136612805359E+00
  0.164532758800E+00  0.145225077024E+00
  0.169882953658E+00  0.154350937427E+00
  0.175407123504E+00  0.164017007044E+00
  0.181110925574E+00  0.174250721876E+00
  0.187000201057E+00  0.185080270025E+00
  0.193080981087E+00  0.196534510427E+00
  0.199359492913E+00  0.208642871150E+00
  0.205842166282E+00  0.221435224420E+00
  0.212535640016E+00  0.234941735260E+00
  0.219446768818E+00  0.249192680321E+00
  0.226582630287E+00  0.264218233185E+00
  0.233950532169E+00  0.280048212133E+00
  0.241558019840E+00  0.296711786069E+00
  0.249412884032E+00  0.314237133998E+00
  0.257523168812E+00  0.332651053225E+00
  0.265897179820E+00  0.351978511217E+00
  0.274543492775E+00  0.372242135918E+00
  0.283470962258E+00  0.393461639250E+00
  0.292688730777E+00  0.415653168566E+00
  0.302206238133E+00  0.438828581017E+00
  0.312033231084E+00  0.462994636159E+00
  0.322179773332E+00  0.488152102740E+00
  0.332656255820E+00  0.514294776486E+00
  0.343473407384E+00  0.541408406947E+00
  0.354642305730E+00  0.569469533110E+00
  0.366174388788E+00  0.598444229663E+00
  0.378081466418E+00  0.628286768509E+00
  0.390375732508E+00  0.658938203571E+00
  0.403069777461E+00  0.690324891139E+00
  0.416176601088E+00  0.722356963094E+00
  0.429709625922E+00  0.754926776451E+00
  0.443682710962E+00  0.787907369789E+00
  0.458110165870E+00  0.821150965501E+00
  0.473006765619E+00  0.854487566255E+00
  0.488387765629E+00  0.887723704805E+00
  0.504268917389E+00  0.920641418090E+00
  0.520666484585E+00  0.952997529339E+00
  0.537597259760E+00  0.984523335404E+00
  0.555078581506E+00  0.101492481017E+01
  0.573128352225E+00  0.104388344821E+01
  0.591765056459E+00  0.107105788487E+01
  0.611007779822E+00  0.109608643819E+01
  0.630876228544E+00  0.111859072381E+01
  0.651390749653E+00  0.113818049284E+01
  0.672572351810E+00  0.115445983399E+01
  0.694442726828E+00  0.116703486021E+01
  0.717024271882E+00  0.117552296524E+01
  0.740340112447E+00  0.117956368118E+01
  0.764414125981E+00  0.117883109218E+01
  0.789270966378E+00  0.117304765575E+01
  0.814936089214E+00  0.116199915041E+01
  0.841435777818E+00  0.114555030071E+01
  0.868797170187E+00  0.112366043049E+01
  0.897048286778E+00  0.109639826034E+01
  0.926218059202E+00  0.106395470461E+01
  0.956336359856E+00  0.102665224545E+01
  0.987434032511E+00  0.984949187167E+00
  0.101954292390E+01  0.939436850605E+00
  0.105269591634E+01  0.890827595128E+00
  0.108692696138E+01  0.839931508189E+00
  0.112227111462E+01  0.787619746935E+00
  0.115876457154E+01  0.734772933657E+00
  0.119644470464E+01  0.682213788216E+00
  0.123535010167E+01  0.630624419893E+00
  0.127552060516E+01  0.580449736356E+00
  0.131699735320E+01  0.531879939957E+00
  0.135982282162E+01  0.485145532349E+00
  0.140404086744E+01  0.440481677485E+00
  0.144969677379E+01  0.398076900581E+00
  0.149683729633E+01  0.358073398964E+00
  0.154551071105E+01  0.320568291114E+00
  0.159576686380E+01  0.285616239380E+00
  0.164765722125E+01  0.253233517567E+00
  0.170123492369E+01  0.223403056820E+00
  0.175655483934E+01  0.196079700143E+00
  0.181367362065E+01  0.171195027337E+00
  0.187264976223E+01  0.148661494326E+00
  0.193354366081E+01  0.128375956332E+00
  0.199641767706E+01  0.110222767100E+00
  0.206133619946E+01  0.940766075521E-01
  0.212836571027E+01  0.798051472768E-01
  0.219757485354E+01  0.672715505918E-01
  0.226903450550E+01  0.563368130936E-01
  0.234281784707E+01  0.468618967168E-01
  0.241900043884E+01  0.387096351398E-01
  0.249766029844E+01  0.317463921722E-01
  0.257887798045E+01  0.258434723404E-01
  0.266273665886E+01  0.208782969759E-01
  0.274932221229E+01  0.167353660324E-01
  0.283872331191E+01  0.133070224229E-01
  0.293103151227E+01  0.104940262581E-01
  0.302634134502E+01  0.820593691867E-02
  0.312475041576E+01  0.636129718968E-02
  0.322635950398E+01  0.488761793317E-02
  0.333127266627E+01  0.372117159530E-02
  0.343959734287E+01  0.280661430474E-02
  0.355144446771E+01  0.209646618779E-02
  0.366692858203E+01  0.155048537048E-02
  0.378616795165E+01  0.113497310443E-02
  0.390928468810E+01  0.822045650930E-03
  0.403640487369E+01  0.588904271778E-03
  0.416765869058E+01  0.417128883980E-03
  0.430318055416E+01  0.292014588373E-03
  0.444310925066E+01  0.201964096676E-03
  0.458758807929E+01  0.137943560176E-03
  0.473676499900E+01  0.930047391810E-04
  0.489079277998E+01  0.618729459583E-04
  0.504982916015E+01  0.405976908616E-04
  0.521403700665E+01  0.262613110082E-04
& 2 = L
  0.627315788648E-04  0.991896355794E-12
  0.647714533133E-04  0.109183890373E-11
  0.668776593901E-04  0.120185156917E-11
  0.690523540341E-04  0.132294900772E-11
  0.712977643227E-04  0.145624811072E-11
  0.736161897523E-04  0.160297830644E-11
  0.760100045931E-04  0.176449289920E-11
  0.784816603207E-04  0.194228155096E-11
  0.810336881265E-04  0.213798402067E-11
  0.836687015101E-04  0.235340528780E-11
  0.863893989553E-04  0.259053219989E-11
  0.891985666942E-04  0.285155179736E-11
  0.920990815598E-04  0.313887148476E-11
  0.950939139331E-04  0.345514123448E-11
  0.981861307839E-04  0.380327802762E-11
  0.101378898813E-03  0.418649275755E-11
  0.104675487692E-03  0.460831984424E-11
  0.108079273419E-03  0.507264983248E-11
  0.111593741766E-03  0.558376527471E-11
  0.115222491855E-03  0.614638022930E-11
  0.118969239846E-03  0.676568373871E-11
  0.122837822734E-03  0.744738768842E-11
  0.126832202286E-03  0.819777948810E-11
  0.130956469097E-03  0.902378006088E-11
  0.135214846775E-03  0.993300767559E-11
  0.139611696273E-03  0.109338482106E-10
  0.144151520347E-03  0.120355324975E-10
  0.148838968174E-03  0.132482214577E-10
  0.153678840112E-03  0.145830998173E-10
  0.158676092610E-03  0.160524792652E-10
  0.163835843293E-03  0.176699120040E-10
  0.169163376197E-03  0.194503157434E-10
  0.174664147180E-03  0.214101112877E-10
  0.180343789512E-03  0.235673739854E-10
  0.186208119645E-03  0.259420004403E-10
  0.192263143163E-03  0.285558920187E-10
  0.198515060941E-03  0.314331568478E-10
  0.204970275488E-03  0.346003321668E-10
  0.211635397509E-03  0.380866290815E-10
  0.218517252670E-03  0.419242019810E-10
  0.225622888593E-03  0.461484450995E-10
  0.232959582070E-03  0.507983189606E-10
  0.240534846515E-03  0.559167097124E-10
  0.248356439663E-03  0.615508246702E-10
  0.256432371507E-03  0.677526277125E-10
  0.264770912508E-03  0.745793185483E-10
  0.273380602060E-03  0.820938602733E-10
  0.282270257238E-03  0.903655600839E-10
  0.291448981825E-03  0.994707085018E-10
  0.300926175638E-03  0.109493283007E-09
  0.310711544151E-03  0.120525722569E-09
  0.320815108436E-03  0.132669780215E-09
  0.331247215427E-03  0.146037461509E-09
  0.342018548512E-03  0.160752057584E-09
  0.353140138477E-03  0.176949282265E-09
  0.364623374804E-03  0.194778523766E-09
  0.376480017328E-03  0.214404222509E-09
  0.388722208289E-03  0.236007387768E-09
  0.401362484759E-03  0.259787267127E-09
  0.414413791487E-03  0.285963184156E-09
  0.427889494150E-03  0.314776561243E-09
  0.441803393046E-03  0.346493146250E-09
  0.456169737223E-03  0.381405463518E-09
  0.471003239073E-03  0.419835511837E-09
  0.486319089398E-03  0.462137734260E-09
  0.502132972968E-03  0.508702287148E-09
  0.518461084580E-03  0.559958638605E-09
  0.535320145649E-03  0.616379529483E-09
  0.552727421325E-03  0.678485333493E-09
  0.570700738180E-03  0.746848856635E-09
  0.589258502461E-03  0.822100620217E-09
  0.608419718941E-03  0.904934676176E-09
  0.628204010380E-03  0.996115008347E-09
  0.648631637620E-03  0.109648257871E-08
  0.669723520337E-03  0.120696308363E-08
  0.691501258463E-03  0.132857549155E-08
  0.713987154303E-03  0.146244144098E-08
  0.737204235381E-03  0.160979558542E-08
  0.761176278016E-03  0.177199698056E-08
  0.785927831675E-03  0.195054161888E-08
  0.811484244110E-03  0.214707622721E-08
  0.837871687323E-03  0.236341345453E-08
  0.865117184361E-03  0.260154858998E-08
  0.893248636993E-03  0.286367796546E-08
  0.922294854285E-03  0.315221921234E-08
  0.952285582102E-03  0.346983355930E-08
  0.983251533570E-03  0.381945037671E-08
  0.101522442053E-02  0.420429419420E-08
  0.104823698601E-02  0.462791444037E-08
  0.108232303776E-02  0.509421817899E-08
  0.111751748289E-02  0.560750614371E-08
  0.115385636356E-02  0.617251240347E-08
  0.119137689399E-02  0.679444802445E-08
  0.123011749846E-02  0.747904913142E-08
  0.127011785074E-02  0.823262981143E-08
  0.131141891469E-02  0.906214034810E-08
  0.135406298621E-02  0.997523132328E-08
  0.139809373654E-02  0.109803241774E-07
  0.144355625704E-02  0.120866888795E-07
  0.149049710528E-02  0.133045294222E-07
  0.153896435281E-02  0.146450779323E-07
  0.158900763432E-02  0.161206982618E-07
  0.164067819850E-02  0.177450000179E-07
  0.169402896052E-02  0.195329640810E-07
  0.174911455623E-02  0.215010807702E-07
  0.180599139809E-02  0.236675019290E-07
  0.186471773296E-02  0.260522083348E-07
  0.192535370174E-02  0.286771939756E-07
  0.198796140095E-02  0.315666688930E-07
  0.205260494635E-02  0.347472824634E-07
  0.211935053858E-02  0.382483691745E-07
  0.218826653096E-02  0.421022191652E-07
  0.225942349949E-02  0.463443760232E-07
  0.233289431512E-02  0.510139645863E-07
  0.240875421839E-02  0.561540517705E-07
  0.248708089647E-02  0.618120437519E-07
  0.256795456271E-02  0.680401231655E-07
  0.265145803883E-02  0.748957303521E-07
  0.273767683967E-02  0.824420930903E-07
  0.282669926083E-02  0.907488096991E-07
  0.291861646904E-02  0.998924908881E-07
  0.301352259556E-02  0.109957466272E-06
  0.311151483254E-02  0.121036562064E-06
  0.321269353262E-02  0.133231957122E-06
  0.331716231161E-02  0.146656125235E-06
  0.342502815468E-02  0.161432872343E-06
  0.353640152587E-02  0.177698478247E-06
  0.365139648124E-02  0.195602953342E-06
  0.377013078569E-02  0.215311421955E-06
  0.389272603352E-02  0.237005645038E-06
  0.401930777296E-02  0.260885696266E-06
  0.415000563480E-02  0.287171806972E-06
  0.428495346504E-02  0.316106396940E-06
  0.442428946207E-02  0.347956309776E-06
  0.456815631813E-02  0.383015273447E-06
  0.471670136544E-02  0.421606608685E-06
  0.487007672711E-02  0.464086210209E-06
  0.502843947292E-02  0.510845828236E-06
  0.519195178016E-02  0.562316680538E-06
  0.536078109971E-02  0.618973428312E-06
  0.553510032756E-02  0.681338552520E-06
  0.571508798183E-02  0.749987171007E-06
  0.590092838560E-02  0.825552340786E-06
  0.609281185568E-02  0.908730894351E-06
  0.629093489752E-02  0.100028986376E-05
  0.649550040642E-02  0.110107355170E-05
  0.670671787535E-02  0.121201131462E-05
  0.692480360944E-02  0.133412612966E-05
  0.714998094755E-02  0.146854402425E-05
  0.738248049094E-02  0.161650445519E-05
  0.762254033947E-02  0.177937173284E-05
  0.787040633540E-02  0.195864759551E-05
  0.812633231516E-02  0.215598504987E-05
  0.839058036933E-02  0.237320360474E-05
  0.866342111100E-02  0.261230603843E-05
  0.894513395294E-02  0.287549685397E-05
  0.923600739371E-02  0.316520259199E-05
  0.953633931313E-02  0.348409418807E-05
  0.984643727734E-02  0.383511158023E-05
  0.101666188537E-01  0.422149079280E-05
  0.104972119363E-01  0.464679374570E-05
  0.108385550811E-01  0.511494106300E-05
  0.111909978534E-01  0.563024818244E-05
  0.115549011855E-01  0.619746509746E-05
  0.119306377461E-01  0.682182009691E-05
  0.123185923223E-01  0.750906790392E-05
  0.127191622135E-01  0.826554265593E-05
  0.131327576382E-01  0.909821621206E-05
  0.135598021544E-01  0.100147623225E-04
  0.140007330929E-01  0.110236272487E-04
  0.144560020055E-01  0.121341074812E-04
  0.149260751274E-01  0.133564352683E-04
  0.154114338546E-01  0.147018727369E-04
  0.159125752367E-01  0.161828154698E-04
  0.164300124864E-01  0.178129064845E-04
  0.169642755046E-01  0.196071616585E-04
  0.175159114233E-01  0.215821077451E-04
  0.180854851659E-01  0.237559342423E-04
  0.186735800258E-01  0.261486604994E-04
  0.192807982633E-01  0.287823195884E-04
  0.199077617231E-01  0.316811606128E-04
  0.205551124706E-01  0.348718712996E-04
  0.212235134494E-01  0.383838228991E-04
  0.219136491606E-01  0.422493396192E-04
  0.226262263634E-01  0.465039950425E-04
  0.233619747992E-01  0.511869382154E-04
  0.241216479387E-01  0.563412523665E-04
  0.249060237535E-01  0.620143495014E-04
  0.257159055130E-01  0.682584044434E-04
  0.265521226070E-01  0.751308322394E-04
  0.274155313947E-01  0.826948132378E-04
  0.283070160823E-01  0.910198705659E-04
  0.292274896279E-01  0.100182505201E-03
  0.301778946769E-01  0.110266894330E-03
  0.311592045272E-01  0.121365659268E-03
  0.321724241257E-01  0.133580709776E-03
  0.332185910979E-01  0.147024172348E-03
  0.342987768101E-01  0.161819410694E-03
  0.354140874670E-01  0.178102147513E-03
  0.365656652441E-01  0.196021697472E-03
  0.377546894577E-01  0.215742322296E-03
  0.389823777724E-01  0.237444719903E-03
  0.402499874484E-01  0.261327660650E-03
  0.415588166288E-01  0.287609785022E-03
  0.429102056690E-01  0.316531578427E-03
  0.443055385095E-01  0.348357540260E-03
  0.457462440930E-01  0.383378565979E-03
  0.472337978280E-01  0.421914562722E-03
  0.487697230994E-01  0.464317320870E-03
  0.503555928291E-01  0.510973666035E-03
  0.519930310860E-01  0.562308918192E-03
  0.536837147502E-01  0.618790687122E-03
  0.554293752294E-01  0.680933035923E-03
  0.572318002325E-01  0.749301047234E-03
  0.590928356001E-01  0.824515829844E-03
  0.610143871953E-01  0.907260006690E-03
  0.629984228546E-01  0.998283728788E-03
  0.650469744040E-01  0.109841126345E-02
  0.671621397392E-01  0.120854820926E-02
  0.693460849745E-01  0.132968939455E-02
  0.716010466605E-01  0.146292752089E-02
  0.739293340752E-01  0.160946261798E-02
  0.763333315882E-01  0.177061238149E-02
  0.788155011030E-01  0.194782347097E-02
  0.813783845783E-01  0.214268385068E-02
  0.840246066305E-01  0.235693626232E-02
  0.867568772224E-01  0.259249292456E-02
  0.895779944377E-01  0.285145156104E-02
  0.924908473471E-01  0.313611286481E-02
  0.954984189664E-01  0.344899951384E-02
  0.986037893117E-01  0.379287685861E-02
  0.101810138554E+00  0.417077540947E-02
  0.105120750274E+00  0.458601525714E-02
  0.108539014829E+00  0.504223256552E-02
  0.112068432820E+00  0.554340828091E-02
  0.115712618678E+00  0.609389920522E-02
  0.119475304370E+00  0.669847158399E-02
  0.123360343214E+00  0.736233736023E-02
  0.127371713829E+00  0.809119324448E-02
  0.131513524209E+00  0.889126274704E-02
  0.135790015930E+00  0.976934131150E-02
  0.140205568493E+00  0.107328446770E-01
  0.144764703811E+00  0.117898605807E-01
  0.149472090835E+00  0.129492038885E-01
  0.154332550341E+00  0.142204752153E-01
  0.159351059866E+00  0.156141230531E-01
  0.164532758800E+00  0.171415093830E-01
  0.169882953658E+00  0.188149786814E-01
  0.175407123504E+00  0.206479301598E-01
  0.181110925574E+00  0.226548929860E-01
  0.187000201057E+00  0.248516041249E-01
  0.193080981087E+00  0.272550883051E-01
  0.199359492913E+00  0.298837394626E-01
  0.205842166282E+00  0.327574028268E-01
  0.212535640016E+00  0.358974565970E-01
  0.219446768818E+00  0.393268919048E-01
  0.226582630287E+00  0.430703894623E-01
  0.233950532169E+00  0.471543909592E-01
  0.241558019840E+00  0.516071628815E-01
  0.249412884032E+00  0.564588499854E-01
  0.257523168812E+00  0.617415151585E-01
  0.265897179820E+00  0.674891618453E-01
  0.274543492775E+00  0.737377345892E-01
  0.283470962258E+00  0.805250925645E-01
  0.292688730777E+00  0.878909502240E-01
  0.302206238133E+00  0.958767783938E-01
  0.312033231084E+00  0.104525658297E+00
  0.322179773332E+00  0.113882080113E+00
  0.332656255820E+00  0.123991676800E+00
  0.343473407384E+00  0.134900883012E+00
  0.354642305730E+00  0.146656508170E+00
  0.366174388788E+00  0.159305212004E+00
  0.378081466418E+00  0.172892870383E+00
  0.390375732508E+00  0.187463818972E+00
  0.403069777461E+00  0.203059962351E+00
  0.416176601088E+00  0.219719736834E+00
  0.429709625922E+00  0.237476916434E+00
  0.443682710962E+00  0.256359253506E+00
  0.458110165870E+00  0.276386948642E+00
  0.473006765619E+00  0.297570948780E+00
  0.488387765629E+00  0.319911078313E+00
  0.504268917389E+00  0.343394015659E+00
  0.520666484585E+00  0.367991137429E+00
  0.537597259760E+00  0.393656264404E+00
  0.555078581506E+00  0.420323358079E+00
  0.573128352225E+00  0.447904233764E+00
  0.591765056459E+00  0.476286376224E+00
  0.611007779822E+00  0.505330966192E+00
  0.630876228544E+00  0.534871250623E+00
  0.651390749653E+00  0.564711415153E+00
  0.672572351810E+00  0.594626142726E+00
  0.694442726828E+00  0.624361065660E+00
  0.717024271882E+00  0.653634336863E+00
  0.740340112447E+00  0.682139555668E+00
  0.764414125981E+00  0.709550280245E+00
  0.789270966378E+00  0.735526335740E+00
  0.814936089214E+00  0.759722078350E+00
  0.841435777818E+00  0.781796692454E+00
  0.868797170187E+00  0.801426472295E+00
  0.897048286778E+00  0.818318863085E+00
  0.926218059202E+00  0.832227801894E+00
  0.956336359856E+00  0.842969601906E+00
  0.987434032511E+00  0.850438265765E+00
  0.101954292390E+01  0.854618703908E+00
  0.105269591634E+01  0.855595893249E+00
  0.108692696138E+01  0.853557577621E+00
  0.112227111462E+01  0.848787742396E+00
  0.115876457154E+01  0.841647874830E+00
  0.119644470464E+01  0.832543060032E+00
  0.123535010167E+01  0.821870398633E+00
  0.127552060516E+01  0.809948226720E+00
  0.131699735320E+01  0.796926340555E+00
  0.135982282162E+01  0.782720821451E+00
  0.140404086744E+01  0.767342220579E+00
  0.144969677379E+01  0.750916761926E+00
  0.149683729633E+01  0.733565125926E+00
  0.154551071105E+01  0.715395338245E+00
  0.159576686380E+01  0.696500264566E+00
  0.164765722125E+01  0.676957421986E+00
  0.170123492369E+01  0.656831243062E+00
  0.175655483934E+01  0.636176892459E+00
  0.181367362065E+01  0.615044329947E+00
  0.187264976223E+01  0.593481691604E+00
  0.193354366081E+01  0.571537712420E+00
  0.199641767706E+01  0.549263297877E+00
  0.206133619946E+01  0.526712636028E+00
  0.212836571027E+01  0.503944064972E+00
  0.219757485354E+01  0.481020793843E+00
  0.226903450550E+01  0.458011589807E+00
  0.234281784707E+01  0.434991210689E+00
  0.241900043884E+01  0.412040445648E+00
  0.249766029844E+01  0.389245541329E+00
  0.257887798045E+01  0.366696859239E+00
  0.266273665886E+01  0.344486687246E+00
  0.274932221229E+01  0.322706424878E+00
  0.283872331191E+01  0.301443441020E+00
  0.293103151227E+01  0.280778040190E+00
  0.302634134502E+01  0.260780939491E+00
  0.312475041576E+01  0.241511532459E+00
  0.322635950398E+01  0.223017059664E+00
  0.333127266627E+01  0.205332661491E+00
  0.343959734287E+01  0.188482153890E+00
  0.355144446771E+01  0.172479370481E+00
  0.366692858203E+01  0.157329802561E+00
  0.378616795165E+01  0.143032337081E+00
  0.390928468810E+01  0.129580888855E+00
  0.403640487369E+01  0.116965767487E+00
  0.416765869058E+01  0.105174673606E+00
  0.430318055416E+01  0.941932839879E-01
  0.444310925066E+01  0.840054521580E-01
  0.458758807929E+01  0.745931081574E-01
  0.473676499900E+01  0.659359769320E-01
  0.489079277998E+01  0.580112435843E-01
  0.504982916015E+01  0.507932775521E-01
  0.521403700665E+01  0.442534949913E-01
& 3 = L
  0.627315788648E-04  0.278218725284E-16
  0.647714533133E-04  0.316210327488E-16
  0.668776593901E-04  0.359389797020E-16
  0.690523540341E-04  0.408465552737E-16
  0.712977643227E-04  0.464242750212E-16
  0.736161897523E-04  0.527636491432E-16
  0.760100045931E-04  0.599686838304E-16
  0.784816603207E-04  0.681575876310E-16
  0.810336881265E-04  0.774647108249E-16
  0.836687015101E-04  0.880427496261E-16
  0.863893989553E-04  0.100065251374E-15
  0.891985666942E-04  0.113729461820E-15
  0.920990815598E-04  0.129259561211E-15
  0.950939139331E-04  0.146910342281E-15
  0.981861307839E-04  0.166971390477E-15
  0.101378898813E-03  0.189771835005E-15
  0.104675487692E-03  0.215685748653E-15
  0.108079273419E-03  0.245138284969E-15
  0.111593741766E-03  0.278612653491E-15
  0.115222491855E-03  0.316658047471E-15
  0.118969239846E-03  0.359898654144E-15
  0.122837822734E-03  0.409043895383E-15
  0.126832202286E-03  0.464900066743E-15
  0.130956469097E-03  0.528383565855E-15
  0.135214846775E-03  0.600535927190E-15
  0.139611696273E-03  0.682540909872E-15
  0.144151520347E-03  0.775743918877E-15
  0.148838968174E-03  0.881674078263E-15
  0.153678840112E-03  0.100206931855E-14
  0.158676092610E-03  0.113890488989E-14
  0.163835843293E-03  0.129442576872E-14
  0.169163376197E-03  0.147118348977E-14
  0.174664147180E-03  0.167207800743E-14
  0.180343789512E-03  0.190040527357E-14
  0.186208119645E-03  0.215991131211E-14
  0.192263143163E-03  0.245485367777E-14
  0.198515060941E-03  0.279007130705E-14
  0.204970275488E-03  0.317106390771E-14
  0.211635397509E-03  0.360408218901E-14
  0.218517252670E-03  0.409623041325E-14
  0.225622888593E-03  0.465558295092E-14
  0.232959582070E-03  0.529131675187E-14
  0.240534846515E-03  0.601386190585E-14
  0.248356439663E-03  0.683507276242E-14
  0.256432371507E-03  0.776842241788E-14
  0.264770912508E-03  0.882922375995E-14
  0.273380602060E-03  0.100348806967E-13
  0.282270257238E-03  0.114051736917E-13
  0.291448981825E-03  0.129625842894E-13
  0.300926175638E-03  0.147326639561E-13
  0.310711544151E-03  0.167444532864E-13
  0.320815108436E-03  0.190309584546E-13
  0.331247215427E-03  0.216296927253E-13
  0.342018548512E-03  0.245832919110E-13
  0.353140138477E-03  0.279402138699E-13
  0.364623374804E-03  0.317555335244E-13
  0.376480017328E-03  0.360918464397E-13
  0.388722208289E-03  0.410202957899E-13
  0.401362484759E-03  0.466217395591E-13
  0.414413791487E-03  0.529880771267E-13
  0.427889494150E-03  0.602237570021E-13
  0.441803393046E-03  0.684474904448E-13
  0.456169737223E-03  0.777941990841E-13
  0.471003239073E-03  0.884172284918E-13
  0.486319089398E-03  0.100490864025E-12
  0.502132972968E-03  0.114213190213E-12
  0.518461084580E-03  0.129809340602E-12
  0.535320145649E-03  0.147535191379E-12
  0.552727421325E-03  0.167681559360E-12
  0.570700738180E-03  0.190578973238E-12
  0.589258502461E-03  0.216603096349E-12
  0.608419718941E-03  0.246180889934E-12
  0.628204010380E-03  0.279797618011E-12
  0.648631637620E-03  0.318004808781E-12
  0.669723520337E-03  0.361429303188E-12
  0.691501258463E-03  0.410783539076E-12
  0.713987154303E-03  0.466877239683E-12
  0.737204235381E-03  0.530630698226E-12
  0.761176278016E-03  0.603089876524E-12
  0.785927831675E-03  0.685443565388E-12
  0.811484244110E-03  0.779042888293E-12
  0.837871687323E-03  0.885423468335E-12
  0.865117184361E-03  0.100633062213E-11
  0.893248636993E-03  0.114374799400E-11
  0.922294854285E-03  0.129993010024E-11
  0.952285582102E-03  0.147743931736E-11
  0.983251533570E-03  0.167918792116E-11
  0.101522442053E-02  0.190848586634E-11
  0.104823698601E-02  0.216909509052E-11
  0.108232303776E-02  0.246529123356E-11
  0.111751748289E-02  0.280193378482E-11
  0.115385636356E-02  0.318454580915E-11
  0.119137689399E-02  0.361940455958E-11
  0.123011749846E-02  0.411364446339E-11
  0.127011785074E-02  0.467537417110E-11
  0.131141891469E-02  0.531380958865E-11
  0.135406298621E-02  0.603942507540E-11
  0.139809373654E-02  0.686412528836E-11
  0.144355625704E-02  0.780144049209E-11
  0.149049710528E-02  0.886674853827E-11
  0.153896435281E-02  0.100775271570E-10
  0.158900763432E-02  0.114536406987E-10
  0.164067819850E-02  0.130176660307E-10
  0.169402896052E-02  0.147952629355E-10
  0.174911455623E-02  0.168155950870E-10
  0.180599139809E-02  0.191118085112E-10
  0.186471773296E-02  0.217215753812E-10
  0.192535370174E-02  0.246877120668E-10
  0.198796140095E-02  0.280588815793E-10
  0.205260494635E-02  0.318903919348E-10
  0.211935053858E-02  0.362451035336E-10
  0.218826653096E-02  0.411944604411E-10
  0.225942349949E-02  0.468196624902E-10
  0.233289431512E-02  0.532129974320E-10
  0.240875421839E-02  0.604793549893E-10
  0.248708089647E-02  0.687379476529E-10
  0.256795456271E-02  0.781242664469E-10
  0.265145803883E-02  0.887923037507E-10
  0.273767683967E-02  0.100917079640E-09
  0.282669926083E-02  0.114697513192E-09
  0.291861646904E-02  0.130359685856E-09
  0.301352259556E-02  0.148160550426E-09
  0.311151483254E-02  0.168392146455E-09
  0.321269353262E-02  0.191386391260E-09
  0.331716231161E-02  0.217520525121E-09
  0.342502815468E-02  0.247223299980E-09
  0.353640152587E-02  0.280982013163E-09
  0.365139648124E-02  0.319350501520E-09
  0.377013078569E-02  0.362958227079E-09
  0.389272603352E-02  0.412520603286E-09
  0.401930777296E-02  0.468850731177E-09
  0.415000563480E-02  0.532872738016E-09
  0.428495346504E-02  0.605636937166E-09
  0.442428946207E-02  0.688337057851E-09
  0.456815631813E-02  0.782329827426E-09
  0.471670136544E-02  0.889157227311E-09
  0.487007672711E-02  0.101057178764E-08
  0.502843947292E-02  0.114856533546E-08
  0.519195178016E-02  0.130540166799E-08
  0.536078109971E-02  0.148365368677E-08
  0.553510032756E-02  0.168624560173E-08
  0.571508798183E-02  0.191650089722E-08
  0.590092838560E-02  0.217819684669E-08
  0.609281185568E-02  0.247562646996E-08
  0.629093489752E-02  0.281366894893E-08
  0.649550040642E-02  0.319786965657E-08
  0.670671787535E-02  0.363453111122E-08
  0.692480360944E-02  0.413081634761E-08
  0.714998094755E-02  0.469486639939E-08
  0.738248049094E-02  0.533593381920E-08
  0.762254033947E-02  0.606453442535E-08
  0.787040633540E-02  0.689261976260E-08
  0.812633231516E-02  0.783377310403E-08
  0.839058036933E-02  0.890343220694E-08
  0.866342111100E-02  0.101191424735E-07
  0.894513395294E-02  0.115008446658E-07
  0.923600739371E-02  0.130712018896E-07
  0.953633931313E-02  0.148559712060E-07
  0.984643727734E-02  0.168844259596E-07
  0.101666188537E-01  0.191898357423E-07
  0.104972119363E-01  0.218100118573E-07
  0.108385550811E-01  0.247879272169E-07
  0.111909978534E-01  0.281724208297E-07
  0.115549011855E-01  0.320189984129E-07
  0.119306377461E-01  0.363907422434E-07
  0.123185923223E-01  0.413593451425E-07
  0.127191622135E-01  0.470062855255E-07
  0.131327576382E-01  0.534241627479E-07
  0.135598021544E-01  0.607182146076E-07
  0.140007330929E-01  0.690080418330E-07
  0.144560020055E-01  0.784295677747E-07
  0.149260751274E-01  0.891372653582E-07
  0.154114338546E-01  0.101306687721E-06
  0.159125752367E-01  0.115137343917E-06
  0.164300124864E-01  0.130855966697E-06
  0.169642755046E-01  0.148720225787E-06
  0.175159114233E-01  0.169022947331E-06
  0.180854851659E-01  0.192096908438E-06
  0.186735800258E-01  0.218320285130E-06
  0.192807982633E-01  0.248122842645E-06
  0.199077617231E-01  0.281992969129E-06
  0.205551124706E-01  0.320485667478E-06
  0.212235134494E-01  0.364231635678E-06
  0.219136491606E-01  0.413947583686E-06
  0.226262263634E-01  0.470447954989E-06
  0.233619747992E-01  0.534658243772E-06
  0.241216479387E-01  0.607630124539E-06
  0.249060237535E-01  0.690558640378E-06
  0.257159055130E-01  0.784801729465E-06
  0.265521226070E-01  0.891902407191E-06
  0.274155313947E-01  0.101361396429E-05
  0.283070160823E-01  0.115192859005E-05
  0.292274896279E-01  0.130910988498E-05
  0.301778946769E-01  0.148772978996E-05
  0.311592045272E-01  0.169071053017E-05
  0.321724241257E-01  0.192137225254E-05
  0.332185910979E-01  0.218348712702E-05
  0.342987768101E-01  0.248134078570E-05
  0.354140874670E-01  0.281980209118E-05
  0.365656652441E-01  0.320440235885E-05
  0.377546894577E-01  0.364142530853E-05
  0.389823777724E-01  0.413800919204E-05
  0.402499874484E-01  0.470226273651E-05
  0.415588166288E-01  0.534339676277E-05
  0.429102056690E-01  0.607187358595E-05
  0.443055385095E-01  0.689957658645E-05
  0.457462440930E-01  0.784000265686E-05
  0.472337978280E-01  0.890848058968E-05
  0.487697230994E-01  0.101224188770E-04
  0.503555928291E-01  0.115015868520E-04
  0.519930310860E-01  0.130684336207E-04
  0.536837147502E-01  0.148484498185E-04
  0.554293752294E-01  0.168705778852E-04
  0.572318002325E-01  0.191676773009E-04
  0.590928356001E-01  0.217770520615E-04
  0.610143871953E-01  0.247410486243E-04
  0.629984228546E-01  0.281077336177E-04
  0.650469744040E-01  0.319316618116E-04
  0.671621397392E-01  0.362747461944E-04
  0.693460849745E-01  0.412072435209E-04
  0.716010466605E-01  0.468088703989E-04
  0.739293340752E-01  0.531700668928E-04
  0.763333315882E-01  0.603934267668E-04
  0.788155011030E-01  0.685953158853E-04
  0.813783845783E-01  0.779077029724E-04
  0.840246066305E-01  0.884802299237E-04
  0.867568772224E-01  0.100482552206E-03
  0.895779944377E-01  0.114106983594E-03
  0.924908473471E-01  0.129571483632E-03
  0.954984189664E-01  0.147123030785E-03
  0.986037893117E-01  0.167041429332E-03
  0.101810138554E+00  0.189643603650E-03
  0.105120750274E+00  0.215288439732E-03
  0.108539014829E+00  0.244382240555E-03
  0.112068432820E+00  0.277384869379E-03
  0.115712618678E+00  0.314816663151E-03
  0.119475304370E+00  0.357266207028E-03
  0.123360343214E+00  0.405399070597E-03
  0.127371713829E+00  0.459967616611E-03
  0.131513524209E+00  0.521822004108E-03
  0.135790015930E+00  0.591922519422E-03
  0.140205568493E+00  0.671353380896E-03
  0.144764703811E+00  0.761338175927E-03
  0.149472090835E+00  0.863257102131E-03
  0.154332550341E+00  0.978666197758E-03
  0.159351059866E+00  0.110931875964E-02
  0.164532758800E+00  0.125718915971E-02
  0.169882953658E+00  0.142449928269E-02
  0.175407123504E+00  0.161374781774E-02
  0.181110925574E+00  0.182774264445E-02
  0.187000201057E+00  0.206963655767E-02
  0.193080981087E+00  0.234296657554E-02
  0.199359492913E+00  0.265169706817E-02
  0.205842166282E+00  0.300026693047E-02
  0.212535640016E+00  0.339364099724E-02
  0.219446768818E+00  0.383736586189E-02
  0.226582630287E+00  0.433763020605E-02
  0.233950532169E+00  0.490132967452E-02
  0.241558019840E+00  0.553613623255E-02
  0.249412884032E+00  0.625057181594E-02
  0.257523168812E+00  0.705408592315E-02
  0.265897179820E+00  0.795713659520E-02
  0.274543492775E+00  0.897127397700E-02
  0.283470962258E+00  0.101092253435E-01
  0.292688730777E+00  0.113849800979E-01
  0.302206238133E+00  0.128138727950E-01
  0.312033231084E+00  0.144126617049E-01
  0.322179773332E+00  0.161995997919E-01
  0.332656255820E+00  0.181944942429E-01
  0.343473407384E+00  0.204187498169E-01
  0.354642305730E+00  0.228953903043E-01
  0.366174388788E+00  0.256490512766E-01
  0.378081466418E+00  0.287059360723E-01
  0.390375732508E+00  0.320937256135E-01
  0.403069777461E+00  0.358414312034E-01
  0.416176601088E+00  0.399791779417E-01
  0.429709625922E+00  0.445379048694E-01
  0.443682710962E+00  0.495489664870E-01
  0.458110165870E+00  0.550436189783E-01
  0.473006765619E+00  0.610523734590E-01
  0.488387765629E+00  0.676041980168E-01
  0.504268917389E+00  0.747255504630E-01
  0.520666484585E+00  0.824392248330E-01
  0.537597259760E+00  0.907629971095E-01
  0.555078581506E+00  0.997080597964E-01
  0.573128352225E+00  0.109277241304E+00
  0.591765056459E+00  0.119463015142E+00
  0.611007779822E+00  0.130245316208E+00
  0.630876228544E+00  0.141589197538E+00
  0.651390749653E+00  0.153442381337E+00
  0.672572351810E+00  0.165732783165E+00
  0.694442726828E+00  0.178366118206E+00
  0.717024271882E+00  0.191223733118E+00
  0.740340112447E+00  0.204160845561E+00
  0.764414125981E+00  0.217005414385E+00
  0.789270966378E+00  0.229557904245E+00
  0.814936089214E+00  0.241592245097E+00
  0.841435777818E+00  0.252858314202E+00
  0.868797170187E+00  0.263086278509E+00
  0.897048286778E+00  0.271993119195E+00
  0.926218059202E+00  0.279291606312E+00
  0.956336359856E+00  0.284701886832E+00
  0.987434032511E+00  0.287965680039E+00
  0.101954292390E+01  0.288862827099E+00
  0.105269591634E+01  0.287229606876E+00
  0.108692696138E+01  0.282977804521E+00
  0.112227111462E+01  0.276113011811E+00
  0.115876457154E+01  0.266750075010E+00
  0.119644470464E+01  0.255123038662E+00
  0.123535010167E+01  0.241586445707E+00
  0.127552060516E+01  0.226604567483E+00
  0.131699735320E+01  0.210725213818E+00
  0.135982282162E+01  0.194535411801E+00
  0.140404086744E+01  0.178597660089E+00
  0.144969677379E+01  0.163367868864E+00
  0.149683729633E+01  0.149099921185E+00
  0.154551071105E+01  0.135813187869E+00
  0.159576686380E+01  0.123464834988E+00
  0.164765722125E+01  0.112011034623E+00
  0.170123492369E+01  0.101406505524E+00
  0.175655483934E+01  0.916056397710E-01
  0.181367362065E+01  0.825634208328E-01
  0.187264976223E+01  0.742360057247E-01
  0.193354366081E+01  0.665811879355E-01
  0.199641767706E+01  0.595583584304E-01
  0.206133619946E+01  0.531286766245E-01
  0.212836571027E+01  0.472550347449E-01
  0.219757485354E+01  0.419020315009E-01
  0.226903450550E+01  0.370359317317E-01
  0.234281784707E+01  0.326246088166E-01
  0.241900043884E+01  0.286374641663E-01
  0.249766029844E+01  0.250453198362E-01
  0.257887798045E+01  0.218202876629E-01
  0.266273665886E+01  0.189356275838E-01
  0.274932221229E+01  0.163656154782E-01
  0.283872331191E+01  0.140854421043E-01
  0.293103151227E+01  0.120711591197E-01
  0.302634134502E+01  0.102996775463E-01
  0.312475041576E+01  0.874881263773E-02
  0.322635950398E+01  0.739736104945E-02
  0.333127266627E+01  0.622519284854E-02
  0.343959734287E+01  0.521334167192E-02
  0.355144446771E+01  0.434408004955E-02
  0.366692858203E+01  0.360097124950E-02
  0.378616795165E+01  0.296889367571E-02
  0.390928468810E+01  0.243403754523E-02
  0.403640487369E+01  0.198387646379E-02
  0.416765869058E+01  0.160711842456E-02
  0.430318055416E+01  0.129364173292E-02
  0.444310925066E+01  0.103442146616E-02
  0.458758807929E+01  0.821451443238E-03
  0.473676499900E+01  0.647665538681E-03
  0.489079277998E+01  0.506860835395E-03
  0.504982916015E+01  0.393623879786E-03
  0.521403700665E+01  0.303260391097E-03
&