& Sc  2  438 a ! ZNUL LDIM  NMAX
& T F T F
& 0.0  0.0  0.0  0.0
& 0 = L
  0.413255111671E-04  0.228690438031E-03
  0.426693136958E-04  0.236126880497E-03
  0.440568133302E-04  0.243805137514E-03
  0.454894309914E-04  0.251733072286E-03
  0.469686338050E-04  0.259918803712E-03
  0.484959366039E-04  0.268370714694E-03
  0.500729034797E-04  0.277097460726E-03
  0.517011493843E-04  0.286107978758E-03
  0.533823417837E-04  0.295411496346E-03
  0.551182023658E-04  0.305017541104E-03
  0.569105088037E-04  0.314935950458E-03
  0.587610965756E-04  0.325176881726E-03
  0.606718608452E-04  0.335750822513E-03
  0.626447584021E-04  0.346668601457E-03
  0.646818096658E-04  0.357941399314E-03
  0.667851007548E-04  0.369580760413E-03
  0.689567856229E-04  0.381598604472E-03
  0.711990882652E-04  0.394007238811E-03
  0.735143049956E-04  0.406819370953E-03
  0.759048067983E-04  0.420048121635E-03
  0.783730417560E-04  0.433707038250E-03
  0.809215375571E-04  0.447810108718E-03
  0.835529040839E-04  0.462371775809E-03
  0.862698360857E-04  0.477406951937E-03
  0.890751159383E-04  0.492931034430E-03
  0.919716164934E-04  0.508959921297E-03
  0.949623040206E-04  0.525510027511E-03
  0.980502412454E-04  0.542598301819E-03
  0.101238590485E-03  0.560242244097E-03
  0.104530616888E-03  0.578459923272E-03
  0.107929691778E-03  0.597269995829E-03
  0.111439296103E-03  0.616691724913E-03
  0.115063024005E-03  0.636745000058E-03
  0.118804586498E-03  0.657450357552E-03
  0.122667815270E-03  0.678829001476E-03
  0.126656666604E-03  0.700902825409E-03
  0.130775225432E-03  0.723694434856E-03
  0.135027709519E-03  0.747227170392E-03
  0.139418473779E-03  0.771525131570E-03
  0.143952014740E-03  0.796613201598E-03
  0.148632975143E-03  0.822517072822E-03
  0.153466148701E-03  0.849263273035E-03
  0.158456485005E-03  0.876879192646E-03
  0.163609094597E-03  0.905393112730E-03
  0.168929254199E-03  0.934834233986E-03
  0.174422412118E-03  0.965232706648E-03
  0.180094193830E-03  0.996619661352E-03
  0.185950407733E-03  0.102902724102E-02
  0.191997051103E-03  0.106248863379E-02
  0.198240316231E-03  0.109703810696E-02
  0.204686596766E-03  0.113271104215E-02
  0.211342494262E-03  0.116954397147E-02
  0.218214824940E-03  0.120757461495E-02
  0.225310626668E-03  0.124684191919E-02
  0.232637166166E-03  0.128738609723E-02
  0.240201946451E-03  0.132924866972E-02
  0.248012714519E-03  0.137247250745E-02
  0.256077469279E-03  0.141710187525E-02
  0.264404469745E-03  0.146318247731E-02
  0.273002243492E-03  0.151076150402E-02
  0.281879595393E-03  0.155988768024E-02
  0.291045616632E-03  0.161061131525E-02
  0.300509694015E-03  0.166298435421E-02
  0.310281519584E-03  0.171706043143E-02
  0.320371100543E-03  0.177289492523E-02
  0.330788769505E-03  0.183054501466E-02
  0.341545195072E-03  0.189006973808E-02
  0.352651392765E-03  0.195153005361E-02
  0.364118736300E-03  0.201498890153E-02
  0.375958969239E-03  0.208051126874E-02
  0.388184217016E-03  0.214816425534E-02
  0.400806999352E-03  0.221801714329E-02
  0.413840243080E-03  0.229014146739E-02
  0.427297295380E-03  0.236461108852E-02
  0.441191937449E-03  0.244150226928E-02
  0.455538398616E-03  0.252089375208E-02
  0.470351370909E-03  0.260286683976E-02
  0.485646024108E-03  0.268750547887E-02
  0.501438021273E-03  0.277489634557E-02
  0.517743534790E-03  0.286512893448E-02
  0.534579262930E-03  0.295829565020E-02
  0.551962446948E-03  0.305449190205E-02
  0.569910888745E-03  0.315381620164E-02
  0.588442969093E-03  0.325637026386E-02
  0.607577666462E-03  0.336225911092E-02
  0.627334576455E-03  0.347159117996E-02
  0.647733931873E-03  0.358447843402E-02
  0.668796623439E-03  0.370103647674E-02
  0.690544221189E-03  0.382138467067E-02
  0.712998996565E-03  0.394564625948E-02
  0.736183945219E-03  0.407394849418E-02
  0.760122810563E-03  0.420642276338E-02
  0.784840108088E-03  0.434320472779E-02
  0.810361150466E-03  0.448443445912E-02
  0.836712073476E-03  0.463025658351E-02
  0.863919862764E-03  0.478082042953E-02
  0.892012381484E-03  0.493628018110E-02
  0.921018398832E-03  0.509679503530E-02
  0.950967619502E-03  0.526252936534E-02
  0.981890714114E-03  0.543365288883E-02
  0.101381935062E-02  0.561034084148E-02
  0.104678622673E-02  0.579277415650E-02
  0.108082510341E-02  0.598113964977E-02
  0.111597083945E-02  0.617563021104E-02
  0.115225942714E-02  0.637644500137E-02
  0.118972802917E-02  0.658378965694E-02
  0.122841501667E-02  0.679787649951E-02
  0.126836000850E-02  0.701892475368E-02
  0.130960391180E-02  0.724716077120E-02
  0.135218896395E-02  0.748281826266E-02
  0.139615877576E-02  0.772613853652E-02
  0.144155837616E-02  0.797737074605E-02
  0.148843425830E-02  0.823677214422E-02
  0.153683442719E-02  0.850460834688E-02
  0.158680844883E-02  0.878115360442E-02
  0.163840750098E-02  0.906669108231E-02
  0.169168442559E-02  0.936151315073E-02
  0.174669378287E-02  0.966592168351E-02
  0.180349190722E-02  0.998022836686E-02
  0.186213696488E-02  0.103047550181E-01
  0.192268901352E-02  0.106398339144E-01
  0.198521006372E-02  0.109858081331E-01
  0.204976414249E-02  0.113430319014E-01
  0.211641735887E-02  0.117118709595E-01
  0.218523797157E-02  0.120927029332E-01
  0.225629645890E-02  0.124859177208E-01
  0.232966559097E-02  0.128919178904E-01
  0.240542050419E-02  0.133111190920E-01
  0.248363877819E-02  0.137439504813E-01
  0.256440051534E-02  0.141908551581E-01
  0.264778842270E-02  0.146522906186E-01
  0.273388789678E-02  0.151287292225E-01
  0.282278711097E-02  0.156206586747E-01
  0.291457710583E-02  0.161285825230E-01
  0.300935188233E-02  0.166530206714E-01
  0.310720849812E-02  0.171945099107E-01
  0.320824716695E-02  0.177536044651E-01
  0.331257136122E-02  0.183308765571E-01
  0.342028791803E-02  0.189269169905E-01
  0.353150714855E-02  0.195423357519E-01
  0.364634295099E-02  0.201777626317E-01
  0.376491292724E-02  0.208338478646E-01
  0.388733850333E-02  0.215112627912E-01
  0.401374505373E-02  0.222107005405E-01
  0.414426202981E-02  0.229328767336E-01
  0.427902309235E-02  0.236785302114E-01
  0.441816624845E-02  0.244484237835E-01
  0.456183399288E-02  0.252433450027E-01
  0.471017345394E-02  0.260641069629E-01
  0.486333654422E-02  0.269115491230E-01
  0.502148011610E-02  0.277865381568E-01
  0.518476612241E-02  0.286899688292E-01
  0.535336178230E-02  0.296227649012E-01
  0.552743975246E-02  0.305858800621E-01
  0.570717830393E-02  0.315802988918E-01
  0.589276150471E-02  0.326070378536E-01
  0.608437940820E-02  0.336671463167E-01
  0.628222824788E-02  0.347617076122E-01
  0.648651063826E-02  0.358918401209E-01
  0.669743578235E-02  0.370586983949E-01
  0.691521968594E-02  0.382634743147E-01
  0.714008537876E-02  0.395073982810E-01
  0.737226314294E-02  0.407917404434E-01
  0.761199074880E-02  0.421178119668E-01
  0.785951369836E-02  0.434869663364E-01
  0.811508547674E-02  0.449006007015E-01
  0.837896781178E-02  0.463601572610E-01
  0.865143094205E-02  0.478671246895E-01
  0.893275389361E-02  0.494230396061E-01
  0.922322476573E-02  0.510294880868E-01
  0.952314102598E-02  0.526881072215E-01
  0.983280981482E-02  0.544005867160E-01
  0.101525482601E-01  0.561686705411E-01
  0.104826838020E-01  0.579941586284E-01
  0.108235545282E-01  0.598789086149E-01
  0.111755095200E-01  0.618248376359E-01
  0.115389092101E-01  0.638339241691E-01
  0.119141257515E-01  0.659082099285E-01
  0.123015433989E-01  0.680498018099E-01
  0.127015589016E-01  0.702608738890E-01
  0.131145819106E-01  0.725436694718E-01
  0.135410353974E-01  0.749005031984E-01
  0.139813560878E-01  0.773337632002E-01
  0.144359949086E-01  0.798459133113E-01
  0.149054174496E-01  0.824394953332E-01
  0.153901044406E-01  0.851171313544E-01
  0.158905522434E-01  0.878815261223E-01
  0.164072733602E-01  0.907354694699E-01
  0.169407969588E-01  0.936818387936E-01
  0.174916694137E-01  0.967236015839E-01
  0.180604548667E-01  0.998638180054E-01
  0.186477358036E-01  0.103105643527E+00
  0.192541136516E-01  0.106452331596E+00
  0.198802093944E-01  0.109907236363E+00
  0.205266642088E-01  0.113473815441E+00
  0.211941401211E-01  0.117155632709E+00
  0.218833206850E-01  0.120956361146E+00
  0.225949116814E-01  0.124879785699E+00
  0.233296418419E-01  0.128929806171E+00
  0.240882635943E-01  0.133110440137E+00
  0.248715538335E-01  0.137425825857E+00
  0.256803147172E-01  0.141880225210E+00
  0.265153744873E-01  0.146478026611E+00
  0.273775883178E-01  0.151223747919E+00
  0.282678391912E-01  0.156122039317E+00
  0.291870388020E-01  0.161177686153E+00
  0.301361284911E-01  0.166395611728E+00
  0.311160802092E-01  0.171780880016E+00
  0.321278975125E-01  0.177338698291E+00
  0.331726165903E-01  0.183074419651E+00
  0.342513073263E-01  0.188993545411E+00
  0.353650743939E-01  0.195101727335E+00
  0.365150583882E-01  0.201404769693E+00
  0.377024369930E-01  0.207908631092E+00
  0.389284261880E-01  0.214619426064E+00
  0.401942814930E-01  0.221543426366E+00
  0.415012992547E-01  0.228687061946E+00
  0.428508179734E-01  0.236056921532E+00
  0.442442196742E-01  0.243659752789E+00
  0.456829313222E-01  0.251502461993E+00
  0.471684262838E-01  0.259592113147E+00
  0.487022258357E-01  0.267935926479E+00
  0.502859007227E-01  0.276541276241E+00
  0.519210727662E-01  0.285415687722E+00
  0.536094165253E-01  0.294566833384E+00
  0.553526610116E-01  0.304002528015E+00
  0.571525914597E-01  0.313730722791E+00
  0.590110511557E-01  0.323759498118E+00
  0.609299433247E-01  0.334097055118E+00
  0.629112330800E-01  0.344751705617E+00
  0.649569494354E-01  0.355731860455E+00
  0.670691873833E-01  0.367046015966E+00
  0.692501100399E-01  0.378702738405E+00
  0.715019508605E-01  0.390710646129E+00
  0.738270159269E-01  0.403078389294E+00
  0.762276863090E-01  0.415814626811E+00
  0.787064205029E-01  0.428928000295E+00
  0.812657569492E-01  0.442427104705E+00
  0.839083166319E-01  0.456320455351E+00
  0.866368057631E-01  0.470616450919E+00
  0.894540185541E-01  0.485323332144E+00
  0.923628400770E-01  0.500449135706E+00
  0.953662492192E-01  0.516001642930E+00
  0.984673217341E-01  0.531988322802E+00
  0.101669233391E+00  0.548416268810E+00
  0.104975263227E+00  0.565292129053E+00
  0.108388796906E+00  0.582622029058E+00
  0.111913330184E+00  0.600411486683E+00
  0.115552472492E+00  0.618665318457E+00
  0.119309950630E+00  0.637387536685E+00
  0.123189612582E+00  0.656581236579E+00
  0.127195431463E+00  0.676248472689E+00
  0.131331509580E+00  0.696390123836E+00
  0.135602082640E+00  0.717005745770E+00
  0.140011524081E+00  0.738093410701E+00
  0.144564349559E+00  0.759649532915E+00
  0.149265221562E+00  0.781668679621E+00
  0.154118954196E+00  0.804143366232E+00
  0.159130518107E+00  0.827063835311E+00
  0.164305045574E+00  0.850417818434E+00
  0.169647835765E+00  0.874190280352E+00
  0.175164360164E+00  0.898363144884E+00
  0.180860268175E+00  0.922915002165E+00
  0.186741392905E+00  0.947820797016E+00
  0.192813757140E+00  0.973051498469E+00
  0.199083579510E+00  0.998573750747E+00
  0.205557280863E+00  0.102434950638E+01
  0.212241490834E+00  0.105033564253E+01
  0.219143054638E+00  0.107648356223E+01
  0.226269040080E+00  0.110273878272E+01
  0.233626744791E+00  0.112904051388E+01
  0.241223703704E+00  0.115532123076E+01
  0.249067696769E+00  0.118150624488E+01
  0.257166756920E+00  0.120751328065E+01
  0.265529178303E+00  0.123325206404E+01
  0.274163524767E+00  0.125862393267E+01
  0.283078638638E+00  0.128352147795E+01
  0.292283649772E+00  0.130782823189E+01
  0.301787984904E+00  0.133141841335E+01
  0.311601377304E+00  0.135415675101E+01
  0.321733876744E+00  0.137589840262E+01
  0.332195859787E+00  0.139648899307E+01
  0.342998040420E+00  0.141576479653E+01
  0.354151481019E+00  0.143355309080E+01
  0.365667603682E+00  0.144967271508E+01
  0.377558201925E+00  0.146393486486E+01
  0.389835452759E+00  0.147614416013E+01
  0.402511929162E+00  0.148610002519E+01
  0.415600612954E+00  0.149359841916E+01
  0.429114908091E+00  0.149843395643E+01
  0.443068654391E+00  0.150040245475E+01
  0.457476141711E+00  0.149930394515E+01
  0.472352124576E+00  0.149494617141E+01
  0.487711837292E+00  0.148714859785E+01
  0.503571009549E+00  0.147574693030E+01
  0.519945882524E+00  0.146059813705E+01
  0.536853225517E+00  0.144158593229E+01
  0.554310353126E+00  0.141862665385E+01
  0.572335142974E+00  0.139167542854E+01
  0.590946054022E+00  0.136073247172E+01
  0.610162145469E+00  0.132584931192E+01
  0.630003096271E+00  0.128713466672E+01
  0.650489225296E+00  0.124475962290E+01
  0.671641512131E+00  0.119896169317E+01
  0.693481618565E+00  0.115004723683E+01
  0.716031910775E+00  0.109839164563E+01
  0.739315482233E+00  0.104443661628E+01
  0.763356177348E+00  0.988683764671E+00
  0.788178615895E+00  0.931683796918E+00
  0.813808218219E+00  0.874020453158E+00
  0.840271231272E+00  0.816288500398E+00
  0.867594755492E+00  0.759065193686E+00
  0.895806772557E+00  0.702874875823E+00
  0.924936174036E+00  0.648146773287E+00
  0.955012790982E+00  0.595166536440E+00
  0.986067424479E+00  0.544080934264E+00
  0.101813187719E+01  0.495096399702E+00
  0.105123898590E+01  0.448418352827E+00
  0.108542265520E+01  0.404211175856E+00
  0.112071789215E+01  0.362598840654E+00
  0.115716084216E+01  0.323666147491E+00
  0.119478882598E+01  0.287460532331E+00
  0.123364037797E+01  0.253994387100E+00
  0.127375528550E+01  0.223247824905E+00
  0.131517462976E+01  0.195171810865E+00
  0.135794082776E+01  0.169691570138E+00
  0.140209767583E+01  0.146710179402E+00
  0.144769039444E+01  0.126112246867E+00
  0.149476567452E+01  0.107767589253E+00
  0.154337172527E+01  0.915348216295E-01
  0.159355832354E+01  0.772647866516E-01
  0.164537686478E+01  0.648037621562E-01
  0.169888041571E+01  0.539963992030E-01
  0.175412376864E+01  0.446883553350E-01
  0.181116349759E+01  0.367285995957E-01
  0.187005801623E+01  0.299713763820E-01
  0.193086763769E+01  0.242778245458E-01
  0.199365463635E+01  0.195172564060E-01
  0.205848331156E+01  0.155681086204E-01
  0.212542005356E+01  0.123185832733E-01
  0.219453341143E+01  0.966700307592E-02
  0.226589416328E+01  0.752190920184E-02
  0.233957538876E+01  0.580193394327E-02
  0.241565254387E+01  0.443548301191E-02
  0.249420353828E+01  0.336026393350E-02
  0.257530881507E+01  0.252269767208E-02
  0.265905143313E+01  0.187725056487E-02
  0.274551715221E+01  0.138572319680E-02
  0.283479452077E+01  0.101653255932E-02
  0.292697496664E+01  0.744024609803E-03
  0.302215289065E+01  0.547857602211E-03
  0.312042576330E+01  0.412504625309E-03
  0.322189422461E+01  0.326940603192E-03
  0.332666218715E+01  0.284611408302E-03
  0.343483694247E+01  0.253183985041E-03
  0.354652927097E+01  0.167833114548E-03
  0.366185355536E+01  0.109777363782E-03
  0.378092789777E+01  0.708194998685E-04
  0.390387424074E+01  0.450404668197E-04
  0.403081849208E+01  0.282267967444E-04
  0.416189065378E+01  0.174229289069E-04
  0.429722495519E+01  0.105868558782E-04
  0.443695999047E+01  0.632961856987E-05
  0.458123886050E+01  0.372155130483E-05
  0.473020931945E+01  0.215065230524E-05
  0.488402392609E+01  0.122087789253E-05
  0.504284020001E+01  0.680421873999E-06
  0.520682078297E+01  0.372073128115E-06
  0.537613360540E+01  0.199505044597E-06
  0.555095205844E+01  0.104828120814E-06
  0.573145517145E+01  0.539403617375E-07
  0.591782779539E+01  0.271622992161E-07
  0.611026079212E+01  0.133761367382E-07
  0.630895122984E+01  0.643711578183E-08
  0.651410258493E+01  0.302498413629E-08
  0.672592495029E+01  0.138704379522E-08
  0.694463525055E+01  0.620077179398E-09
  0.717045746415E+01  0.270042275164E-09
  0.740362285278E+01  0.114466523786E-09
  0.764437019817E+01  0.471850286853E-10
  0.789294604664E+01  0.188979546154E-10
  0.814960496159E+01  0.734688542919E-11
  0.841460978416E+01  0.276980647026E-11
  0.868823190246E+01  0.101162468351E-11
  0.897075152944E+01  0.357573460100E-12
  0.926245798989E+01  0.122186850516E-12
  0.956365001671E+01  0.403198979762E-13
  0.987463605687E+01  0.128338522617E-13
  0.101957345872E+02  0.393575599797E-14
  0.105272744408E+02  0.116146766101E-14
  0.108695951432E+02  0.329420874852E-15
  0.112230472610E+02  0.896808488329E-16
  0.115879927598E+02  0.234031460086E-16
  0.119648053759E+02  0.584624798563E-17
  0.123538709982E+02  0.139602043803E-17
  0.127555880639E+02  0.318185880799E-18
  0.131703679664E+02  0.691173274055E-19
  0.135986354766E+02  0.142866632291E-19
  0.140408291779E+02  0.280550707950E-20
  0.144974019152E+02  0.522522112302E-21
  0.149688212588E+02  0.921431879621E-22
  0.154555699835E+02  0.153573136573E-22
  0.159581465625E+02  0.241470367926E-23
  0.164770656780E+02  0.357508356686E-24
  0.170128587486E+02  0.497430895955E-25
  0.175660744732E+02  0.000000000000E+00
  0.181372793931E+02  0.000000000000E+00
  0.187270584719E+02  0.000000000000E+00
  0.193360156952E+02  0.000000000000E+00
  0.199647746881E+02  0.000000000000E+00
  0.206139793549E+02  0.000000000000E+00
  0.212842945380E+02  0.000000000000E+00
  0.219764066985E+02  0.000000000000E+00
  0.226910246199E+02  0.000000000000E+00
  0.234288801334E+02  0.000000000000E+00
  0.241907288674E+02  0.000000000000E+00
  0.249773510217E+02  0.000000000000E+00
  0.257895521661E+02  0.000000000000E+00
  0.266281640654E+02  0.000000000000E+00
  0.274940455317E+02  0.000000000000E+00
  0.283880833031E+02  0.000000000000E+00
  0.293111929525E+02  0.000000000000E+00
  0.302643198249E+02  0.000000000000E+00
  0.312484400053E+02  0.000000000000E+00
  0.322645613190E+02  0.000000000000E+00
  0.333137243629E+02  0.000000000000E+00
  0.343970035716E+02  0.000000000000E+00
  0.355155083177E+02  0.000000000000E+00
  0.366703840478E+02  0.000000000000E+00
  0.378628134556E+02  0.000000000000E+00
  0.390940176930E+02  0.000000000000E+00
  0.403652576208E+02  0.000000000000E+00
  0.416778350996E+02  0.000000000000E+00
  0.430330943235E+02  0.000000000000E+00
  0.444324231965E+02  0.000000000000E+00
  0.458772547535E+02  0.000000000000E+00
  0.473690686283E+02  0.000000000000E+00
  0.489093925688E+02  0.000000000000E+00
& 1 = L
  0.413255111671E-04  0.815490007583E-08
  0.426693136958E-04  0.869387698162E-08
  0.440568133302E-04  0.926847616375E-08
  0.454894309914E-04  0.988105198385E-08
  0.469686338050E-04  0.105341144090E-07
  0.484959366039E-04  0.112303392960E-07
  0.500729034797E-04  0.119725793554E-07
  0.517011493843E-04  0.127638758403E-07
  0.533823417837E-04  0.136074710075E-07
  0.551182023658E-04  0.145068214022E-07
  0.569105088037E-04  0.154656120212E-07
  0.587610965756E-04  0.164877714112E-07
  0.606718608452E-04  0.175774877664E-07
  0.626447584021E-04  0.187392260883E-07
  0.646818096658E-04  0.199777464815E-07
  0.667851007548E-04  0.212981236571E-07
  0.689567856229E-04  0.227057677259E-07
  0.711990882652E-04  0.242064463661E-07
  0.735143049956E-04  0.258063084554E-07
  0.759048067983E-04  0.275119092656E-07
  0.783730417560E-04  0.293302373221E-07
  0.809215375571E-04  0.312687430387E-07
  0.835529040839E-04  0.333353692448E-07
  0.862698360857E-04  0.355385837305E-07
  0.890751159383E-04  0.378874139422E-07
  0.919716164934E-04  0.403914839720E-07
  0.949623040206E-04  0.430610539912E-07
  0.980502412454E-04  0.459070622904E-07
  0.101238590485E-03  0.489411700978E-07
  0.104530616888E-03  0.521758093602E-07
  0.107929691778E-03  0.556242336814E-07
  0.111439296103E-03  0.593005726274E-07
  0.115063024005E-03  0.632198896210E-07
  0.118804586498E-03  0.673982436628E-07
  0.122667815270E-03  0.718527551306E-07
  0.126656666604E-03  0.766016759292E-07
  0.130775225432E-03  0.816644642750E-07
  0.135027709519E-03  0.870618644244E-07
  0.139418473779E-03  0.928159916710E-07
  0.143952014740E-03  0.989504229610E-07
  0.148632975143E-03  0.105490293497E-06
  0.153466148701E-03  0.112462399726E-06
  0.158456485005E-03  0.119895309138E-06
  0.163609094597E-03  0.127819477313E-06
  0.168929254199E-03  0.136267372717E-06
  0.174422412118E-03  0.145273609729E-06
  0.180094193830E-03  0.154875090477E-06
  0.185950407733E-03  0.165111156038E-06
  0.191997051103E-03  0.176023747634E-06
  0.198240316231E-03  0.187657578480E-06
  0.204686596766E-03  0.200060316995E-06
  0.211342494262E-03  0.213282782113E-06
  0.218214824940E-03  0.227379151514E-06
  0.225310626668E-03  0.242407183607E-06
  0.232637166166E-03  0.258428454191E-06
  0.240201946451E-03  0.275508608753E-06
  0.248012714519E-03  0.293717631444E-06
  0.256077469279E-03  0.313130131831E-06
  0.264404469745E-03  0.333825650603E-06
  0.273002243492E-03  0.355888985476E-06
  0.281879595393E-03  0.379410538646E-06
  0.291045616632E-03  0.404486687200E-06
  0.300509694015E-03  0.431220178009E-06
  0.310281519584E-03  0.459720548722E-06
  0.320371100543E-03  0.490104576586E-06
  0.330788769505E-03  0.522496756921E-06
  0.341545195072E-03  0.557029813230E-06
  0.352651392765E-03  0.593845241015E-06
  0.364118736300E-03  0.633093887539E-06
  0.375958969239E-03  0.674936569902E-06
  0.388184217016E-03  0.719544733969E-06
  0.400806999352E-03  0.767101156848E-06
  0.413840243080E-03  0.817800695798E-06
  0.427297295380E-03  0.871851086627E-06
  0.441191937449E-03  0.929473794863E-06
  0.455538398616E-03  0.990904923182E-06
  0.470351370909E-03  0.105639617880E-05
  0.485646024108E-03  0.112621590482E-05
  0.501438021273E-03  0.120065017972E-05
  0.517743534790E-03  0.128000398950E-05
  0.534579262930E-03  0.136460247738E-05
  0.551962446948E-03  0.145479227594E-05
  0.569910888745E-03  0.155094292745E-05
  0.588442969093E-03  0.165344839802E-05
  0.607577666462E-03  0.176272869175E-05
  0.627334576455E-03  0.187923157171E-05
  0.647733931873E-03  0.200343439449E-05
  0.668796623439E-03  0.213584606616E-05
  0.690544221189E-03  0.227700912738E-05
  0.712998996565E-03  0.242750197636E-05
  0.736183945219E-03  0.258794123875E-05
  0.760122810563E-03  0.275898429415E-05
  0.784840108088E-03  0.294133196957E-05
  0.810361150466E-03  0.313573141096E-05
  0.836712073476E-03  0.334297914441E-05
  0.863919862764E-03  0.356392433983E-05
  0.892012381484E-03  0.379947229017E-05
  0.921018398832E-03  0.405058812064E-05
  0.950967619502E-03  0.431830074311E-05
  0.981890714114E-03  0.460370707178E-05
  0.101381935062E-02  0.490797651750E-05
  0.104678622673E-02  0.523235577912E-05
  0.108082510341E-02  0.557817395146E-05
  0.111597083945E-02  0.594684797089E-05
  0.115225942714E-02  0.633988842077E-05
  0.118972802917E-02  0.675890572058E-05
  0.122841501667E-02  0.720561672402E-05
  0.126836000850E-02  0.768185175327E-05
  0.130960391180E-02  0.818956209798E-05
  0.135218896395E-02  0.873082800994E-05
  0.139615877576E-02  0.930786722605E-05
  0.144155837616E-02  0.992304405451E-05
  0.148843425830E-02  0.105788790615E-04
  0.153683442719E-02  0.112780593980E-04
  0.158680844883E-02  0.120234498091E-04
  0.163840750098E-02  0.128181043704E-04
  0.169168442559E-02  0.136652790011E-04
  0.174669378287E-02  0.145684448024E-04
  0.180349190722E-02  0.155313022787E-04
  0.186213696488E-02  0.165577964978E-04
  0.192268901352E-02  0.176521332529E-04
  0.198521006372E-02  0.188187962931E-04
  0.204976414249E-02  0.200625656920E-04
  0.211641735887E-02  0.213885374298E-04
  0.218523797157E-02  0.228021442701E-04
  0.225629645890E-02  0.243091780152E-04
  0.232966559097E-02  0.259158132327E-04
  0.240542050419E-02  0.276286325495E-04
  0.248363877819E-02  0.294546536164E-04
  0.256440051534E-02  0.314013578556E-04
  0.264778842270E-02  0.334767211057E-04
  0.273388789678E-02  0.356892462931E-04
  0.282278711097E-02  0.380479982607E-04
  0.291457710583E-02  0.405626408976E-04
  0.300935188233E-02  0.432434767221E-04
  0.310720849812E-02  0.461014890793E-04
  0.320824716695E-02  0.491483871257E-04
  0.331257136122E-02  0.523966537860E-04
  0.342028791803E-02  0.558595968771E-04
  0.353150714855E-02  0.595514036086E-04
  0.364634295099E-02  0.634871986836E-04
  0.376491292724E-02  0.676831062356E-04
  0.388733850333E-02  0.721563158569E-04
  0.401374505373E-02  0.769251529863E-04
  0.414426202981E-02  0.820091539455E-04
  0.427902309235E-02  0.874291459294E-04
  0.441816624845E-02  0.932073322784E-04
  0.456183399288E-02  0.993673833796E-04
  0.471017345394E-02  0.105934533570E-03
  0.486333654422E-02  0.112935684435E-03
  0.502148011610E-02  0.120399514928E-03
  0.518476612241E-02  0.128356598751E-03
  0.535336178230E-02  0.136839529493E-03
  0.552743975246E-02  0.145883054012E-03
  0.570717830393E-02  0.155524214631E-03
  0.589276150471E-02  0.165802500703E-03
  0.608437940820E-02  0.176760010185E-03
  0.628222824788E-02  0.188441621858E-03
  0.648651063826E-02  0.200895178914E-03
  0.669743578235E-02  0.214171684641E-03
  0.691521968594E-02  0.228325511013E-03
  0.714008537876E-02  0.243414621028E-03
  0.737226314294E-02  0.259500805699E-03
  0.761199074880E-02  0.276649936662E-03
  0.785951369836E-02  0.294932235422E-03
  0.811508547674E-02  0.314422560338E-03
  0.837896781178E-02  0.335200712500E-03
  0.865143094205E-02  0.357351761749E-03
  0.893275389361E-02  0.380966394147E-03
  0.922322476573E-02  0.406141282318E-03
  0.952314102598E-02  0.432979480143E-03
  0.983280981482E-02  0.461590843408E-03
  0.101525482601E-01  0.492092478114E-03
  0.104826838020E-01  0.524609218231E-03
  0.108235545282E-01  0.559274134842E-03
  0.111755095200E-01  0.596229078723E-03
  0.115389092101E-01  0.635625258515E-03
  0.119141257515E-01  0.677623856844E-03
  0.123015433989E-01  0.722396686819E-03
  0.127015589016E-01  0.770126891571E-03
  0.131145819106E-01  0.821009689589E-03
  0.135410353974E-01  0.875253168852E-03
  0.139813560878E-01  0.933079132910E-03
  0.144359949086E-01  0.994724002260E-03
  0.149054174496E-01  0.106043977461E-02
  0.153901044406E-01  0.113049504779E-02
  0.158905522434E-01  0.120517610944E-02
  0.164072733602E-01  0.128478809757E-02
  0.169407969588E-01  0.136965623682E-02
  0.174916694137E-01  0.146012715492E-02
  0.180604548667E-01  0.155657028486E-02
  0.186477358036E-01  0.165937935786E-02
  0.192541136516E-01  0.176897399313E-02
  0.198802093944E-01  0.188580139054E-02
  0.205266642088E-01  0.201033813263E-02
  0.211941401211E-01  0.214309210282E-02
  0.218833206850E-01  0.228460452724E-02
  0.225949116814E-01  0.243545214784E-02
  0.233296418419E-01  0.259624953489E-02
  0.240882635943E-01  0.276765154763E-02
  0.248715538335E-01  0.295035595214E-02
  0.256803147172E-01  0.314510620615E-02
  0.265153744873E-01  0.335269442091E-02
  0.273775883178E-01  0.357396451096E-02
  0.282678391912E-01  0.380981554305E-02
  0.291870388020E-01  0.406120529633E-02
  0.301361284911E-01  0.432915404612E-02
  0.311160802092E-01  0.461474858476E-02
  0.321278975125E-01  0.491914649317E-02
  0.331726165903E-01  0.524358067783E-02
  0.342513073263E-01  0.558936418842E-02
  0.353650743939E-01  0.595789533189E-02
  0.365150583882E-01  0.635066309982E-02
  0.377024369930E-01  0.676925292624E-02
  0.389284261880E-01  0.721535279406E-02
  0.401942814930E-01  0.769075970870E-02
  0.415012992547E-01  0.819738655837E-02
  0.428508179734E-01  0.873726938096E-02
  0.442442196742E-01  0.931257505807E-02
  0.456829313222E-01  0.992560945727E-02
  0.471684262838E-01  0.105788260441E-01
  0.487022258357E-01  0.112748349854E-01
  0.502859007227E-01  0.120164127667E-01
  0.519210727662E-01  0.128065123449E-01
  0.536094165253E-01  0.136482738585E-01
  0.553526610116E-01  0.145450359176E-01
  0.571525914597E-01  0.155003474939E-01
  0.590110511557E-01  0.165179804313E-01
  0.609299433247E-01  0.176019425966E-01
  0.629112330800E-01  0.187564916856E-01
  0.649569494354E-01  0.199861497025E-01
  0.670691873833E-01  0.212957181227E-01
  0.692501100399E-01  0.226902937492E-01
  0.715019508605E-01  0.241752852670E-01
  0.738270159269E-01  0.257564304956E-01
  0.762276863090E-01  0.274398143338E-01
  0.787064205029E-01  0.292318873829E-01
  0.812657569492E-01  0.311394852267E-01
  0.839083166319E-01  0.331698483376E-01
  0.866368057631E-01  0.353306425632E-01
  0.894540185541E-01  0.376299801399E-01
  0.923628400770E-01  0.400764411563E-01
  0.953662492192E-01  0.426790953797E-01
  0.984673217341E-01  0.454475243303E-01
  0.101669233391E+00  0.483918434681E-01
  0.104975263227E+00  0.515227243286E-01
  0.108388796906E+00  0.548514164092E-01
  0.111913330184E+00  0.583897685776E-01
  0.115552472492E+00  0.621502497250E-01
  0.119309950630E+00  0.661459683468E-01
  0.123189612582E+00  0.703906906769E-01
  0.127195431463E+00  0.748988569433E-01
  0.131331509580E+00  0.796855952465E-01
  0.135602082640E+00  0.847667324862E-01
  0.140011524081E+00  0.901588016788E-01
  0.144564349559E+00  0.958790449144E-01
  0.149265221562E+00  0.101945411099E+00
  0.154118954196E+00  0.108376547512E+00
  0.159130518107E+00  0.115191784083E+00
  0.164305045574E+00  0.122411109158E+00
  0.169647835765E+00  0.130055135358E+00
  0.175164360164E+00  0.138145053990E+00
  0.180860268175E+00  0.146702576284E+00
  0.186741392905E+00  0.155749859520E+00
  0.192813757140E+00  0.165309415942E+00
  0.199083579510E+00  0.175404002109E+00
  0.205557280863E+00  0.186056486128E+00
  0.212241490834E+00  0.197289689971E+00
  0.219143054638E+00  0.209126203864E+00
  0.226269040080E+00  0.221588169469E+00
  0.233626744791E+00  0.234697028406E+00
  0.241223703704E+00  0.248473232401E+00
  0.249067696769E+00  0.262935911219E+00
  0.257166756920E+00  0.278102494363E+00
  0.265529178303E+00  0.293988282463E+00
  0.274163524767E+00  0.310605964270E+00
  0.283078638638E+00  0.327965075258E+00
  0.292283649772E+00  0.346071394089E+00
  0.301787984904E+00  0.364926273560E+00
  0.311601377304E+00  0.384525903272E+00
  0.321733876744E+00  0.404860502105E+00
  0.332195859787E+00  0.425913439721E+00
  0.342998040420E+00  0.447660287859E+00
  0.354151481019E+00  0.470067804114E+00
  0.365667603682E+00  0.493092853352E+00
  0.377558201925E+00  0.516681274957E+00
  0.389835452759E+00  0.540766707790E+00
  0.402511929162E+00  0.565269389191E+00
  0.415600612954E+00  0.590094949629E+00
  0.429114908091E+00  0.615133230759E+00
  0.443068654391E+00  0.640257161735E+00
  0.457476141711E+00  0.665321736697E+00
  0.472352124576E+00  0.690163145311E+00
  0.487711837292E+00  0.714598118109E+00
  0.503571009549E+00  0.738423558842E+00
  0.519945882524E+00  0.761416546972E+00
  0.536853225517E+00  0.783334804296E+00
  0.554310353126E+00  0.803917729900E+00
  0.572335142974E+00  0.822888116412E+00
  0.590946054022E+00  0.839954666717E+00
  0.610162145469E+00  0.854815432567E+00
  0.630003096271E+00  0.867162293081E+00
  0.650489225296E+00  0.876686579898E+00
  0.671641512131E+00  0.883085934216E+00
  0.693481618565E+00  0.886072446262E+00
  0.716031910775E+00  0.885382076746E+00
  0.739315482233E+00  0.880785289260E+00
  0.763356177348E+00  0.872098729203E+00
  0.788178615895E+00  0.859197665854E+00
  0.813808218219E+00  0.842028767926E+00
  0.840271231272E+00  0.820622609143E+00
  0.867594755492E+00  0.795105101598E+00
  0.895806772557E+00  0.765706837159E+00
  0.924936174036E+00  0.732769092274E+00
  0.955012790982E+00  0.696745037515E+00
  0.986067424479E+00  0.658194516471E+00
  0.101813187719E+01  0.617770655818E+00
  0.105123898590E+01  0.576196586939E+00
  0.108542265520E+01  0.534230758260E+00
  0.112071789215E+01  0.492619765072E+00
  0.115716084216E+01  0.452038394850E+00
  0.119478882598E+01  0.413017754488E+00
  0.123364037797E+01  0.375864525344E+00
  0.127375528550E+01  0.340665217076E+00
  0.131517462976E+01  0.307478161274E+00
  0.135794082776E+01  0.276345419032E+00
  0.140209767583E+01  0.247286611267E+00
  0.144769039444E+01  0.220300404312E+00
  0.149476567452E+01  0.195366200486E+00
  0.154337172527E+01  0.172445981344E+00
  0.159355832354E+01  0.151486253178E+00
  0.164537686478E+01  0.132420048867E+00
  0.169888041571E+01  0.115168946196E+00
  0.175412376864E+01  0.996450689386E-01
  0.181116349759E+01  0.857530426140E-01
  0.187005801623E+01  0.733918813451E-01
  0.193086763769E+01  0.624567856632E-01
  0.199365463635E+01  0.528408336492E-01
  0.205848331156E+01  0.444365498157E-01
  0.212542005356E+01  0.371373379858E-01
  0.219453341143E+01  0.308387663895E-01
  0.226589416328E+01  0.254396954728E-01
  0.233957538876E+01  0.208432415610E-01
  0.241565254387E+01  0.169575725302E-01
  0.249420353828E+01  0.136965349277E-01
  0.257530881507E+01  0.109801154035E-01
  0.265905143313E+01  0.873474273147E-02
  0.274551715221E+01  0.689343993366E-02
  0.283479452077E+01  0.539583894180E-02
  0.292697496664E+01  0.418807270539E-02
  0.302215289065E+01  0.322256160646E-02
  0.312042576330E+01  0.245771241441E-02
  0.322189422461E+01  0.185754881420E-02
  0.332666218715E+01  0.139129282182E-02
  0.343483694247E+01  0.103291628269E-02
  0.354652927097E+01  0.760681333976E-03
  0.366185355536E+01  0.556688515946E-03
  0.378092789777E+01  0.406451637479E-03
  0.390387424074E+01  0.298520322656E-03
  0.403081849208E+01  0.224175665625E-03
  0.416189065378E+01  0.177233783633E-03
  0.429722495519E+01  0.154010045983E-03
  0.443695999047E+01  0.136985311046E-03
  0.458123886050E+01  0.909289018753E-04
  0.473020931945E+01  0.595583537749E-04
  0.488402392609E+01  0.384776049322E-04
  0.504284020001E+01  0.245077634419E-04
  0.520682078297E+01  0.153825738020E-04
  0.537613360540E+01  0.950992008384E-05
  0.555095205844E+01  0.578806469582E-05
  0.573145517145E+01  0.346639219236E-05
  0.591782779539E+01  0.204165243806E-05
  0.611026079212E+01  0.118198042668E-05
  0.630895122984E+01  0.672233309282E-06
  0.651410258493E+01  0.375370421097E-06
  0.672592495029E+01  0.205670113543E-06
  0.694463525055E+01  0.110506001838E-06
  0.717045746415E+01  0.581872455205E-07
  0.740362285278E+01  0.300062496527E-07
  0.764437019817E+01  0.151440864518E-07
  0.789294604664E+01  0.747511301055E-08
  0.814960496159E+01  0.360596705897E-08
  0.841460978416E+01  0.169875534004E-08
  0.868823190246E+01  0.780926638734E-09
  0.897075152944E+01  0.350037289666E-09
  0.926245798989E+01  0.152857294738E-09
  0.956365001671E+01  0.649766493580E-10
  0.987463605687E+01  0.268625516784E-10
  0.101957345872E+02  0.107910368061E-10
  0.105272744408E+02  0.420822950667E-11
  0.108695951432E+02  0.159161190657E-11
  0.112230472610E+02  0.583235602794E-12
  0.115879927598E+02  0.206858544711E-12
  0.119648053759E+02  0.709356380350E-13
  0.123538709982E+02  0.234931399106E-13
  0.127555880639E+02  0.750605493562E-14
  0.131703679664E+02  0.231083552088E-14
  0.135986354766E+02  0.684682119422E-15
  0.140408291779E+02  0.194998193848E-15
  0.144974019152E+02  0.533132606470E-16
  0.149688212588E+02  0.139741755047E-16
  0.154555699835E+02  0.350677513244E-17
  0.159581465625E+02  0.841328379274E-18
  0.164770656780E+02  0.192692219593E-18
  0.170128587486E+02  0.420676566640E-19
  0.175660744732E+02  0.874059761236E-20
  0.181372793931E+02  0.172561439189E-20
  0.187270584719E+02  0.323172674462E-21
  0.193360156952E+02  0.573150570100E-22
  0.199647746881E+02  0.960896881392E-23
  0.206139793549E+02  0.152007327593E-23
  0.212842945380E+02  0.226470608449E-24
  0.219764066985E+02  0.317155307539E-25
  0.226910246199E+02  0.416649274414E-26
  0.234288801334E+02  0.512395198099E-27
  0.241907288674E+02  0.588631038002E-28
  0.249773510217E+02  0.000000000000E+00
  0.257895521661E+02  0.000000000000E+00
  0.266281640654E+02  0.000000000000E+00
  0.274940455317E+02  0.000000000000E+00
  0.283880833031E+02  0.000000000000E+00
  0.293111929525E+02  0.000000000000E+00
  0.302643198249E+02  0.000000000000E+00
  0.312484400053E+02  0.000000000000E+00
  0.322645613190E+02  0.000000000000E+00
  0.333137243629E+02  0.000000000000E+00
  0.343970035716E+02  0.000000000000E+00
  0.355155083177E+02  0.000000000000E+00
  0.366703840478E+02  0.000000000000E+00
  0.378628134556E+02  0.000000000000E+00
  0.390940176930E+02  0.000000000000E+00
  0.403652576208E+02  0.000000000000E+00
  0.416778350996E+02  0.000000000000E+00
  0.430330943235E+02  0.000000000000E+00
  0.444324231965E+02  0.000000000000E+00
  0.458772547535E+02  0.000000000000E+00
  0.473690686283E+02  0.000000000000E+00
  0.489093925688E+02  0.000000000000E+00
& 2 = L
  0.413255111671E-04  0.269602699244E-12
  0.426693136958E-04  0.296767614814E-12
  0.440568133302E-04  0.326669641842E-12
  0.454894309914E-04  0.359584569112E-12
  0.469686338050E-04  0.395815973633E-12
  0.484959366039E-04  0.435698020544E-12
  0.500729034797E-04  0.479598545154E-12
  0.517011493843E-04  0.527922445512E-12
  0.533823417837E-04  0.581115416812E-12
  0.551182023658E-04  0.639668062083E-12
  0.569105088037E-04  0.704120417050E-12
  0.587610965756E-04  0.775066930936E-12
  0.606718608452E-04  0.853161949106E-12
  0.626447584021E-04  0.939125748153E-12
  0.646818096658E-04  0.103375117906E-11
  0.667851007548E-04  0.113791097975E-11
  0.689567856229E-04  0.125256582436E-11
  0.711990882652E-04  0.137877318370E-11
  0.735143049956E-04  0.151769707830E-11
  0.759048067983E-04  0.167061881434E-11
  0.783730417560E-04  0.183894880121E-11
  0.809215375571E-04  0.202423955978E-11
  0.835529040839E-04  0.222820004152E-11
  0.862698360857E-04  0.245271139022E-11
  0.890751159383E-04  0.269984429194E-11
  0.919716164934E-04  0.297187807314E-11
  0.949623040206E-04  0.327132172305E-11
  0.980502412454E-04  0.360093703432E-11
  0.101238590485E-03  0.396376407522E-11
  0.104530616888E-03  0.436314922842E-11
  0.107929691778E-03  0.480277605498E-11
  0.111439296103E-03  0.528669926809E-11
  0.115063024005E-03  0.581938213003E-11
  0.118804586498E-03  0.640573761716E-11
  0.122667815270E-03  0.705117373273E-11
  0.126656666604E-03  0.776164338528E-11
  0.130775225432E-03  0.854369929278E-11
  0.135027709519E-03  0.940455441891E-11
  0.139418473779E-03  0.103521484987E-10
  0.143952014740E-03  0.113952212675E-10
  0.148632975143E-03  0.125433930678E-10
  0.153466148701E-03  0.138072535792E-10
  0.158456485005E-03  0.151984594868E-10
  0.163609094597E-03  0.167298419928E-10
  0.168929254199E-03  0.184155251586E-10
  0.174422412118E-03  0.202710561730E-10
  0.180094193830E-03  0.223135487446E-10
  0.185950407733E-03  0.245618409431E-10
  0.191997051103E-03  0.270366689438E-10
  0.198240316231E-03  0.297608582797E-10
  0.204686596766E-03  0.327595343622E-10
  0.211342494262E-03  0.360603542156E-10
  0.218214824940E-03  0.396937615590E-10
  0.225310626668E-03  0.436932675916E-10
  0.232637166166E-03  0.480957600689E-10
  0.240201946451E-03  0.529418435210E-10
  0.248012714519E-03  0.582762137511E-10
  0.256077469279E-03  0.641480700686E-10
  0.264404469745E-03  0.706115690573E-10
  0.273002243492E-03  0.777263240661E-10
  0.281879595393E-03  0.855579550266E-10
  0.291045616632E-03  0.941786936707E-10
  0.300509694015E-03  0.103668049729E-09
  0.310281519584E-03  0.114113544254E-09
  0.320371100543E-03  0.125611516835E-09
  0.330788769505E-03  0.138268014140E-09
  0.341545195072E-03  0.152199767996E-09
  0.352651392765E-03  0.167535272014E-09
  0.364118736300E-03  0.184415966690E-09
  0.375958969239E-03  0.202997543924E-09
  0.388184217016E-03  0.223451382976E-09
  0.400806999352E-03  0.245966131103E-09
  0.413840243080E-03  0.270749443472E-09
  0.427297295380E-03  0.298029898369E-09
  0.441191937449E-03  0.328059105394E-09
  0.455538398616E-03  0.361114026071E-09
  0.470351370909E-03  0.397499528277E-09
  0.485646024108E-03  0.437551198056E-09
  0.501438021273E-03  0.481638434750E-09
  0.517743534790E-03  0.530167857983E-09
  0.534579262930E-03  0.583587057938E-09
  0.551962446948E-03  0.642388723499E-09
  0.569910888745E-03  0.707115186346E-09
  0.588442969093E-03  0.778363422901E-09
  0.607577666462E-03  0.856790560267E-09
  0.627334576455E-03  0.943119936934E-09
  0.647733931873E-03  0.103814777416E-08
  0.668796623439E-03  0.114275051953E-08
  0.690544221189E-03  0.125789293048E-08
  0.712998996565E-03  0.138463697227E-08
  0.736183945219E-03  0.152415161250E-08
  0.760122810563E-03  0.167772360252E-08
  0.784840108088E-03  0.184676934520E-08
  0.810361150466E-03  0.203284795836E-08
  0.836712073476E-03  0.223767565455E-08
  0.863919862764E-03  0.246314156970E-08
  0.892012381484E-03  0.271132518657E-08
  0.921018398832E-03  0.298451551382E-08
  0.950967619502E-03  0.328523219750E-08
  0.981890714114E-03  0.361624875967E-08
  0.101381935062E-02  0.398061817851E-08
  0.104678622673E-02  0.438170104582E-08
  0.108082510341E-02  0.482319656164E-08
  0.111597083945E-02  0.530917665171E-08
  0.115225942714E-02  0.584412352262E-08
  0.118972802917E-02  0.643297100088E-08
  0.122841501667E-02  0.708115003718E-08
  0.126836000850E-02  0.779463879553E-08
  0.130960391180E-02  0.858001778928E-08
  0.135218896395E-02  0.944453057237E-08
  0.139615877576E-02  0.103961505457E-07
  0.144155837616E-02  0.114436544947E-07
  0.148843425830E-02  0.125967035363E-07
  0.153683442719E-02  0.138659322213E-07
  0.158680844883E-02  0.152630466153E-07
  0.163840750098E-02  0.168009322613E-07
  0.169168442559E-02  0.184937730196E-07
  0.174669378287E-02  0.203571818825E-07
  0.180349190722E-02  0.224083449684E-07
  0.186213696488E-02  0.246661800246E-07
  0.192268901352E-02  0.271515108993E-07
  0.198521006372E-02  0.298872595931E-07
  0.204976414249E-02  0.328986576599E-07
  0.211641735887E-02  0.362134789072E-07
  0.218523797157E-02  0.398622955422E-07
  0.225629645890E-02  0.438787601245E-07
  0.232966559097E-02  0.482999159272E-07
  0.240542050419E-02  0.531665385660E-07
  0.248363877819E-02  0.585235120499E-07
  0.256440051534E-02  0.644202427170E-07
  0.264778842270E-02  0.709111148768E-07
  0.273388789678E-02  0.780559923564E-07
  0.282278711097E-02  0.859207705784E-07
  0.291457710583E-02  0.945779842589E-07
  0.300935188233E-02  0.104107476330E-06
  0.310720849812E-02  0.114597134256E-06
  0.320824716695E-02  0.126143700525E-06
  0.331257136122E-02  0.138853664803E-06
  0.342028791803E-02  0.152844245959E-06
  0.353150714855E-02  0.168244473027E-06
  0.364634295099E-02  0.185196375065E-06
  0.376491292724E-02  0.203856290886E-06
  0.388733850333E-02  0.224396310726E-06
  0.401374505373E-02  0.247005863146E-06
  0.414426202981E-02  0.271893461799E-06
  0.427902309235E-02  0.299288628154E-06
  0.441816624845E-02  0.329444007907E-06
  0.456183399288E-02  0.362637700587E-06
  0.471017345394E-02  0.399175823821E-06
  0.486333654422E-02  0.439395335906E-06
  0.502148011610E-02  0.483667142678E-06
  0.518476612241E-02  0.532399517336E-06
  0.535336178230E-02  0.586041864714E-06
  0.552743975246E-02  0.645088864695E-06
  0.570717830393E-02  0.710085032947E-06
  0.589276150471E-02  0.781629740990E-06
  0.608437940820E-02  0.860382741858E-06
  0.628222824788E-02  0.947070252240E-06
  0.648651063826E-02  0.104249164714E-05
  0.669743578235E-02  0.114752682870E-05
  0.691521968594E-02  0.126314433709E-05
  0.714008537876E-02  0.139041027807E-05
  0.737226314294E-02  0.153049814954E-05
  0.761199074880E-02  0.168469965744E-05
  0.785951369836E-02  0.185443662070E-05
  0.811508547674E-02  0.204127407463E-05
  0.837896781178E-02  0.224693469352E-05
  0.865143094205E-02  0.247331466510E-05
  0.893275389361E-02  0.272250116292E-05
  0.922322476573E-02  0.299679157731E-05
  0.952314102598E-02  0.329871468194E-05
  0.983280981482E-02  0.363105393050E-05
  0.101525482601E-01  0.399687309778E-05
  0.104826838020E-01  0.439954450074E-05
  0.108235545282E-01  0.484278005903E-05
  0.111755095200E-01  0.533066548029E-05
  0.115389092101E-01  0.586769788426E-05
  0.119141257515E-01  0.645882721112E-05
  0.123015433989E-01  0.710950179440E-05
  0.127015589016E-01  0.782571851648E-05
  0.131145819106E-01  0.861407800699E-05
  0.135410353974E-01  0.948184539029E-05
  0.139813560878E-01  0.104370171390E-04
  0.144359949086E-01  0.114883946463E-04
  0.149054174496E-01  0.126456651906E-04
  0.153901044406E-01  0.139194910345E-04
  0.158905522434E-01  0.153216074732E-04
  0.164072733602E-01  0.168649307285E-04
  0.169407969588E-01  0.185636766766E-04
  0.174916694137E-01  0.204334914921E-04
  0.180604548667E-01  0.224915954032E-04
  0.186477358036E-01  0.247569408685E-04
  0.192541136516E-01  0.272503866184E-04
  0.198802093944E-01  0.299948891467E-04
  0.205266642088E-01  0.330157133955E-04
  0.211941401211E-01  0.363406645500E-04
  0.218833206850E-01  0.400003430500E-04
  0.225949116814E-01  0.440284251329E-04
  0.233296418419E-01  0.484619714523E-04
  0.240882635943E-01  0.533417665681E-04
  0.248715538335E-01  0.587126923808E-04
  0.256803147172E-01  0.646241388825E-04
  0.265153744873E-01  0.711304559326E-04
  0.273775883178E-01  0.782914501293E-04
  0.282678391912E-01  0.861729312455E-04
  0.291870388020E-01  0.948473131388E-04
  0.301361284911E-01  0.104394274521E-03
  0.311160802092E-01  0.114901485501E-03
  0.321278975125E-01  0.126465406390E-03
  0.331726165903E-01  0.139192165886E-03
  0.342513073263E-01  0.153198526436E-03
  0.353650743939E-01  0.168612945359E-03
  0.365150583882E-01  0.185576741082E-03
  0.377024369930E-01  0.204245374798E-03
  0.389284261880E-01  0.224789858800E-03
  0.401942814930E-01  0.247398303842E-03
  0.415012992547E-01  0.272277619014E-03
  0.428508179734E-01  0.299655378949E-03
  0.442442196742E-01  0.329781874503E-03
  0.456829313222E-01  0.362932364623E-03
  0.471684262838E-01  0.399409548717E-03
  0.487022258357E-01  0.439546280643E-03
  0.502859007227E-01  0.483708547388E-03
  0.519210727662E-01  0.532298737576E-03
  0.536094165253E-01  0.585759227255E-03
  0.553526610116E-01  0.644576312843E-03
  0.571525914597E-01  0.709284523797E-03
  0.590110511557E-01  0.780471350416E-03
  0.609299433247E-01  0.858782425276E-03
  0.629112330800E-01  0.944927200107E-03
  0.649569494354E-01  0.103968516347E-02
  0.670691873833E-01  0.114391264840E-02
  0.692501100399E-01  0.125855028315E-02
  0.715019508605E-01  0.138463114265E-02
  0.738270159269E-01  0.152328966257E-02
  0.762276863090E-01  0.167577138302E-02
  0.787064205029E-01  0.184344359354E-02
  0.812657569492E-01  0.202780695688E-02
  0.839083166319E-01  0.223050819383E-02
  0.866368057631E-01  0.245335391779E-02
  0.894540185541E-01  0.269832571275E-02
  0.923628400770E-01  0.296759655485E-02
  0.953662492192E-01  0.326354868314E-02
  0.984673217341E-01  0.358879303097E-02
  0.101669233391E+00  0.394619033489E-02
  0.104975263227E+00  0.433887404317E-02
  0.108388796906E+00  0.477027515047E-02
  0.111913330184E+00  0.524414908901E-02
  0.115552472492E+00  0.576460480927E-02
  0.119309950630E+00  0.633613618451E-02
  0.123189612582E+00  0.696365587322E-02
  0.127195431463E+00  0.765253177045E-02
  0.131331509580E+00  0.840862617400E-02
  0.135602082640E+00  0.923833778222E-02
  0.140011524081E+00  0.101486466272E-01
  0.144564349559E+00  0.111471620292E-01
  0.149265221562E+00  0.122421736334E-01
  0.154118954196E+00  0.134427055595E-01
  0.159130518107E+00  0.147585736535E-01
  0.164305045574E+00  0.162004457815E-01
  0.169647835765E+00  0.177799050430E-01
  0.175164360164E+00  0.195095157045E-01
  0.180860268175E+00  0.214028915621E-01
  0.186741392905E+00  0.234747663307E-01
  0.192813757140E+00  0.257410655235E-01
  0.199083579510E+00  0.282189791302E-01
  0.205557280863E+00  0.309270342134E-01
  0.212241490834E+00  0.338851663287E-01
  0.219143054638E+00  0.371147884181E-01
  0.226269040080E+00  0.406388555365E-01
  0.233626744791E+00  0.444819234328E-01
  0.241223703704E+00  0.486701986242E-01
  0.249067696769E+00  0.532315771669E-01
  0.257166756920E+00  0.581956688356E-01
  0.265529178303E+00  0.635938028781E-01
  0.274163524767E+00  0.694590109024E-01
  0.283078638638E+00  0.758259817923E-01
  0.292283649772E+00  0.827309828264E-01
  0.301787984904E+00  0.902117404046E-01
  0.311601377304E+00  0.983072729802E-01
  0.321733876744E+00  0.107057667962E+00
  0.332195859787E+00  0.116503793516E+00
  0.342998040420E+00  0.126686935397E+00
  0.354151481019E+00  0.137648348200E+00
  0.365667603682E+00  0.149428709813E+00
  0.377558201925E+00  0.162067467455E+00
  0.389835452759E+00  0.175602063511E+00
  0.402511929162E+00  0.190067029673E+00
  0.415600612954E+00  0.205492938619E+00
  0.429114908091E+00  0.221905203932E+00
  0.443068654391E+00  0.239322721237E+00
  0.457476141711E+00  0.257756346875E+00
  0.472352124576E+00  0.277207215092E+00
  0.487711837292E+00  0.297664900889E+00
  0.503571009549E+00  0.319105443708E+00
  0.519945882524E+00  0.341489257201E+00
  0.536853225517E+00  0.364758962775E+00
  0.554310353126E+00  0.388837199588E+00
  0.572335142974E+00  0.413624481295E+00
  0.590946054022E+00  0.438997190174E+00
  0.610162145469E+00  0.464805821941E+00
  0.630003096271E+00  0.490873619269E+00
  0.650489225296E+00  0.516995757634E+00
  0.671641512131E+00  0.542939272464E+00
  0.693481618565E+00  0.568443939350E+00
  0.716031910775E+00  0.593224336642E+00
  0.739315482233E+00  0.616973328211E+00
  0.763356177348E+00  0.639367198654E+00
  0.788178615895E+00  0.660072647860E+00
  0.813808218219E+00  0.678755799519E+00
  0.840271231272E+00  0.695093290938E+00
  0.867594755492E+00  0.708785380872E+00
  0.895806772557E+00  0.719570829864E+00
  0.924936174036E+00  0.727243066841E+00
  0.955012790982E+00  0.731666852676E+00
  0.986067424479E+00  0.732794287759E+00
  0.101813187719E+01  0.730678596271E+00
  0.105123898590E+01  0.725483677192E+00
  0.108542265520E+01  0.717486979729E+00
  0.112071789215E+01  0.707072898716E+00
  0.115716084216E+01  0.694713678264E+00
  0.119478882598E+01  0.680934871964E+00
  0.123364037797E+01  0.666262874260E+00
  0.127375528550E+01  0.651153069999E+00
  0.131517462976E+01  0.635898913498E+00
  0.135794082776E+01  0.620549378748E+00
  0.140209767583E+01  0.605085407694E+00
  0.144769039444E+01  0.589530257257E+00
  0.149476567452E+01  0.573904583116E+00
  0.154337172527E+01  0.558226131985E+00
  0.159355832354E+01  0.542510078449E+00
  0.164537686478E+01  0.526769423815E+00
  0.169888041571E+01  0.511015430980E+00
  0.175412376864E+01  0.495258071129E+00
  0.181116349759E+01  0.479506461894E+00
  0.187005801623E+01  0.463769281330E+00
  0.193086763769E+01  0.448055146926E+00
  0.199365463635E+01  0.432372953109E+00
  0.205848331156E+01  0.416732164088E+00
  0.212542005356E+01  0.401143061309E+00
  0.219453341143E+01  0.385616946279E+00
  0.226589416328E+01  0.370166300252E+00
  0.233957538876E+01  0.354804902449E+00
  0.241565254387E+01  0.339547908264E+00
  0.249420353828E+01  0.324411888512E+00
  0.257530881507E+01  0.309414830279E+00
  0.265905143313E+01  0.294576099553E+00
  0.274551715221E+01  0.279916365516E+00
  0.283479452077E+01  0.265457486509E+00
  0.292697496664E+01  0.251222357644E+00
  0.302215289065E+01  0.237234720676E+00
  0.312042576330E+01  0.223518937601E+00
  0.322189422461E+01  0.210099730255E+00
  0.332666218715E+01  0.197001889416E+00
  0.343483694247E+01  0.184249958171E+00
  0.354652927097E+01  0.171867895657E+00
  0.366185355536E+01  0.159878726739E+00
  0.378092789777E+01  0.148304192411E+00
  0.390387424074E+01  0.137164396766E+00
  0.403081849208E+01  0.126476943049E+00
  0.416189065378E+01  0.116258784789E+00
  0.429722495519E+01  0.106522671241E+00
  0.443695999047E+01  0.972791186591E-01
  0.458123886050E+01  0.885356677305E-01
  0.473020931945E+01  0.802967525325E-01
  0.488402392609E+01  0.725636280275E-01
  0.504284020001E+01  0.653343587808E-01
  0.520682078297E+01  0.586038686385E-01
  0.537613360540E+01  0.523640492844E-01
  0.555095205844E+01  0.466039237014E-01
  0.573145517145E+01  0.413098588563E-01
  0.591782779539E+01  0.364658205222E-01
  0.611026079212E+01  0.320536620965E-01
  0.630895122984E+01  0.280534386060E-01
  0.651410258493E+01  0.244437368146E-01
  0.672592495029E+01  0.212020124528E-01
  0.694463525055E+01  0.183049260260E-01
  0.717045746415E+01  0.157286693897E-01
  0.740362285278E+01  0.134492762269E-01
  0.764437019817E+01  0.114429106673E-01
  0.789294604664E+01  0.968612947907E-02
  0.814960496159E+01  0.815611446850E-02
  0.841460978416E+01  0.683087290682E-02
  0.868823190246E+01  0.568940489670E-02
  0.897075152944E+01  0.471183758541E-02
  0.926245798989E+01  0.387952699132E-02
  0.956365001671E+01  0.317512893289E-02
  0.987463605687E+01  0.258264113023E-02
  0.101957345872E+02  0.208741899461E-02
  0.105272744408E+02  0.167616793851E-02
  0.108695951432E+02  0.133691524021E-02
  0.112230472610E+02  0.105896459333E-02
  0.115879927598E+02  0.832836475761E-03
  0.119648053759E+02  0.650197393262E-03
  0.123538709982E+02  0.503780903869E-03
  0.127555880639E+02  0.387303098563E-03
  0.131703679664E+02  0.295376626988E-03
  0.135986354766E+02  0.223422533344E-03
  0.140408291779E+02  0.167582300575E-03
  0.144974019152E+02  0.124634299840E-03
  0.149688212588E+02  0.919145119477E-04
  0.154555699835E+02  0.672426513865E-04
  0.159581465625E+02  0.488546729421E-04
  0.164770656780E+02  0.353425015768E-04
  0.170128587486E+02  0.256018112682E-04
  0.175660744732E+02  0.187888547262E-04
  0.181372793931E+02  0.142878285468E-04
  0.187270584719E+02  0.116912496651E-04
  0.193360156952E+02  0.107976717035E-04
  0.199647746881E+02  0.804088268381E-05
  0.206139793549E+02  0.533995680917E-05
  0.212842945380E+02  0.349938121910E-05
  0.219764066985E+02  0.226191507521E-05
  0.226910246199E+02  0.144144733559E-05
  0.234288801334E+02  0.905228710528E-06
  0.241907288674E+02  0.559948399960E-06
  0.249773510217E+02  0.340999866799E-06
  0.257895521661E+02  0.204341389265E-06
  0.266281640654E+02  0.120427771602E-06
  0.274940455317E+02  0.697637752085E-07
  0.283880833031E+02  0.397030166094E-07
  0.293111929525E+02  0.221848522750E-07
  0.302643198249E+02  0.121638267493E-07
  0.312484400053E+02  0.654029423110E-08
  0.322645613190E+02  0.344636887628E-08
  0.333137243629E+02  0.177860171755E-08
  0.343970035716E+02  0.898367282391E-09
  0.355155083177E+02  0.443796270981E-09
  0.366703840478E+02  0.214266475097E-09
  0.378628134556E+02  0.101028012539E-09
  0.390940176930E+02  0.464849132322E-10
  0.403652576208E+02  0.208554526493E-10
  0.416778350996E+02  0.911607982177E-11
  0.430330943235E+02  0.387890776575E-11
  0.444324231965E+02  0.160525334534E-11
  0.458772547535E+02  0.645532506064E-12
  0.473690686283E+02  0.252015873162E-12
  0.489093925688E+02  0.954233352494E-13
&
