& Zr  2  431 a ! ZNUL LDIM  NMAX +2
& T T T T
& 0.0  0.0  0.0  0.0
& 2 = L
  0.523189522465E-04  0.412485456493E-12
  0.540202340537E-04  0.454047104900E-12
  0.557768373012E-04  0.499796466081E-12
  0.575905609040E-04  0.550155490052E-12
  0.594632622737E-04  0.605588642118E-12
  0.613968592202E-04  0.666607186672E-12
  0.633933319156E-04  0.733773902629E-12
  0.654547249225E-04  0.807708273979E-12
  0.675831492874E-04  0.889092203337E-12
  0.697807847029E-04  0.978676301187E-12
  0.720498817396E-04  0.107728680882E-11
  0.743927641513E-04  0.118583321884E-11
  0.768118312543E-04  0.130531666343E-11
  0.793095603846E-04  0.143683914797E-11
  0.818885094352E-04  0.158161371482E-11
  0.845513194751E-04  0.174097563139E-11
  0.873007174547E-04  0.191639470533E-11
  0.901395189977E-04  0.210948884078E-11
  0.930706312849E-04  0.232203896036E-11
  0.960970560315E-04  0.255600543077E-11
  0.992218925608E-04  0.281354614343E-11
  0.102448340979E-03  0.309703641688E-11
  0.105779705450E-03  0.340909090451E-11
  0.109219397583E-03  0.375258770971E-11
  0.112770939923E-03  0.413069493091E-11
  0.116437969560E-03  0.454689988111E-11
  0.120224241853E-03  0.500504125172E-11
  0.124133634276E-03  0.550934451705E-11
  0.128170150387E-03  0.606446090624E-11
  0.132337923932E-03  0.667551030190E-11
  0.136641223075E-03  0.734812846119E-11
  0.141084454772E-03  0.808851899482E-11
  0.145672169278E-03  0.890351058349E-11
  0.150409064815E-03  0.980061995931E-11
  0.155299992379E-03  0.107881212332E-10
  0.160349960705E-03  0.118751222077E-10
  0.165564141402E-03  0.130716483790E-10
  0.170947874249E-03  0.143887354026E-10
  0.176506672657E-03  0.158385308764E-10
  0.182246229321E-03  0.174344063785E-10
  0.188172422050E-03  0.191910807949E-10
  0.194291319782E-03  0.211247560723E-10
  0.200609188804E-03  0.232532666502E-10
  0.207132499165E-03  0.255962439493E-10
  0.213867931306E-03  0.281752974335E-10
  0.220822382896E-03  0.310142139159E-10
  0.228002975904E-03  0.341391769458E-10
  0.235417063882E-03  0.375790083022E-10
  0.243072239506E-03  0.413654338190E-10
  0.250976342344E-03  0.455333759946E-10
  0.259137466887E-03  0.501212760847E-10
  0.267563970842E-03  0.551714486493E-10
  0.276264483683E-03  0.607304718224E-10
  0.285247915497E-03  0.668496169062E-10
  0.294523466102E-03  0.735853212494E-10
  0.304100634474E-03  0.809997087734E-10
  0.313989228468E-03  0.891611629458E-10
  0.324199374871E-03  0.981449574855E-10
  0.334741529763E-03  0.108033950618E-09
  0.345626489233E-03  0.118919349284E-09
  0.356865400430E-03  0.130901550342E-09
  0.368469772982E-03  0.144091066545E-09
  0.380451490780E-03  0.158609545797E-09
  0.392822824149E-03  0.174590893126E-09
  0.405596442418E-03  0.192182505699E-09
  0.418785426886E-03  0.211546632272E-09
  0.432403284226E-03  0.232861869625E-09
  0.446463960315E-03  0.256324809769E-09
  0.460981854513E-03  0.282151853127E-09
  0.475971834413E-03  0.310581204410E-09
  0.491449251063E-03  0.341875069591E-09
  0.507429954692E-03  0.376322074249E-09
  0.523930310936E-03  0.414239925576E-09
  0.540967217601E-03  0.455978342615E-09
  0.558558121969E-03  0.501922281728E-09
  0.576721038664E-03  0.552495487080E-09
  0.595474568098E-03  0.608164398845E-09
  0.614837915525E-03  0.669442455212E-09
  0.634830910705E-03  0.736894827848E-09
  0.655474028212E-03  0.811143634503E-09
  0.676788408402E-03  0.892873676828E-09
  0.698795879062E-03  0.982838756329E-09
  0.721518977767E-03  0.108186862671E-08
  0.744980974954E-03  0.119087664672E-08
  0.769205897759E-03  0.131086820408E-08
  0.794218554620E-03  0.144294998824E-08
  0.820044560684E-03  0.158834019734E-08
  0.846710364036E-03  0.174837977376E-08
  0.874243272791E-03  0.192454477158E-08
  0.902671483052E-03  0.211845997032E-08
  0.932024107790E-03  0.233191386023E-08
  0.962331206660E-03  0.256687513761E-08
  0.993623816778E-03  0.282551086206E-08
  0.102593398451E-02  0.311020644326E-08
  0.105929479830E-02  0.342358764163E-08
  0.109374042252E-02  0.376854478560E-08
  0.112930613251E-02  0.414825942913E-08
  0.116602835067E-02  0.456623369502E-08
  0.120394468374E-02  0.502632257493E-08
  0.124309396138E-02  0.553276948375E-08
  0.128351627587E-02  0.609024539642E-08
  0.132525302318E-02  0.670389192808E-08
  0.136834694539E-02  0.737936875478E-08
  0.141284217445E-02  0.812290581225E-08
  0.145878427735E-02  0.894136075407E-08
  0.150622030283E-02  0.984228219906E-08
  0.155519882951E-02  0.108339793514E-07
  0.160577001570E-02  0.119255986354E-07
  0.165798565071E-02  0.131272080516E-07
  0.171189920790E-02  0.144498900324E-07
  0.176756589948E-02  0.159058436536E-07
  0.182504273299E-02  0.175084971443E-07
  0.188438856974E-02  0.192726317323E-07
  0.194566418505E-02  0.212145179686E-07
  0.200893233051E-02  0.233520657863E-07
  0.207425779823E-02  0.257049896799E-07
  0.214170748719E-02  0.282949905255E-07
  0.221135047176E-02  0.311459557223E-07
  0.228325807246E-02  0.342841794972E-07
  0.235750392895E-02  0.377386054076E-07
  0.243416407546E-02  0.415410932761E-07
  0.251331701870E-02  0.457267130204E-07
  0.259504381819E-02  0.503340680871E-07
  0.267942816931E-02  0.554056514721E-07
  0.276655648902E-02  0.609882376116E-07
  0.285651800433E-02  0.671333137554E-07
  0.294940484369E-02  0.738975548030E-07
  0.304531213134E-02  0.813433459782E-07
  0.314433808473E-02  0.895393581645E-07
  0.324658411508E-02  0.985611812046E-07
  0.335215493127E-02  0.108492021003E-06
  0.346115864703E-02  0.119423466864E-06
  0.357370689170E-02  0.131456336129E-06
  0.368991492450E-02  0.144701603921E-06
  0.380990175264E-02  0.159281426543E-06
  0.393379025309E-02  0.175330267985E-06
  0.406170729852E-02  0.192996139925E-06
  0.419378388714E-02  0.212441966641E-06
  0.433015527694E-02  0.233847087430E-06
  0.447096112413E-02  0.257408910390E-06
  0.461634562620E-02  0.283344732789E-06
  0.476645766959E-02  0.311893744827E-06
  0.492145098215E-02  0.343319235245E-06
  0.508148429057E-02  0.377911019113E-06
  0.524672148295E-02  0.415988110188E-06
  0.541733177661E-02  0.457901662456E-06
  0.559348989139E-02  0.504038207981E-06
  0.577537622861E-02  0.554823220893E-06
  0.596317705576E-02  0.610725040368E-06
  0.615708469731E-02  0.672259188744E-06
  0.635729773162E-02  0.739993124568E-06
  0.656402119433E-02  0.814551474366E-06
  0.677746678834E-02  0.896621791342E-06
  0.699785310058E-02  0.986960894054E-06
  0.722540582591E-02  0.108640184347E-05
  0.746035799818E-02  0.119586162268E-05
  0.770295022897E-02  0.131634958994E-05
  0.795343095390E-02  0.144897678303E-05
  0.821205668714E-02  0.159496616045E-05
  0.847909228403E-02  0.175566387388E-05
  0.875481121236E-02  0.193255167563E-05
  0.903949583240E-02  0.212726057533E-05
  0.933343768609E-02  0.234158587157E-05
  0.963693779556E-02  0.257750369679E-05
  0.995030697145E-02  0.283718922776E-05
  0.102738661312E-01  0.312303672915E-05
  0.106079466276E-01  0.343768161454E-05
  0.109528905883E-01  0.378402472795E-05
  0.113090512662E-01  0.416525906900E-05
  0.116767934007E-01  0.458489920758E-05
  0.120564935921E-01  0.504681365833E-05
  0.124485406864E-01  0.555526051260E-05
  0.128533361742E-01  0.611492665512E-05
  0.132712946014E-01  0.673097092591E-05
  0.137028439941E-01  0.740907162352E-05
  0.141484262963E-01  0.815547878598E-05
  0.146084978235E-01  0.897707172932E-05
  0.150835297289E-01  0.988142237142E-05
  0.155740084869E-01  0.108768649223E-04
  0.160804363905E-01  0.119725725796E-04
  0.166033320662E-01  0.131786419326E-04
  0.171432310047E-01  0.145061858476E-04
  0.177006861099E-01  0.159674356857E-04
  0.182762682643E-01  0.175758537883E-04
  0.188705669146E-01  0.193462572601E-04
  0.194841906743E-01  0.212949541800E-04
  0.201177679479E-01  0.234398934874E-04
  0.207719475739E-01  0.258008299091E-04
  0.214473994894E-01  0.283995054363E-04
  0.221448154160E-01  0.312598490030E-04
  0.228649095688E-01  0.344081961891E-04
  0.236084193870E-01  0.378735309465E-04
  0.243761062897E-01  0.416877515489E-04
  0.251687564553E-01  0.458859631837E-04
  0.259871816268E-01  0.505067998411E-04
  0.268322199432E-01  0.555927784239E-04
  0.277047367976E-01  0.611906882847E-04
  0.286056257234E-01  0.673520197184E-04
  0.295358093096E-01  0.741334352827E-04
  0.304962401455E-01  0.815972882037E-04
  0.314879017962E-01  0.898121925385E-04
  0.325118098099E-01  0.988536502293E-04
  0.335690127579E-01  0.108804740684E-03
  0.346605933084E-01  0.119756879068E-03
  0.357876693351E-01  0.131810650103E-03
  0.369513950626E-01  0.145076724820E-03
  0.381529622476E-01  0.159676868440E-03
  0.393936013999E-01  0.175745048355E-03
  0.406745830424E-01  0.193428652051E-03
  0.419972190122E-01  0.212889825729E-03
  0.433628638043E-01  0.234306945474E-03
  0.447729159581E-01  0.257876233896E-03
  0.462288194903E-01  0.283813536439E-03
  0.477320653733E-01  0.312356272880E-03
  0.492841930623E-01  0.343765581029E-03
  0.508867920717E-01  0.378328671213E-03
  0.525415036028E-01  0.416361411901E-03
  0.542500222249E-01  0.458211168696E-03
  0.560140976104E-01  0.504259920999E-03
  0.578355363267E-01  0.554927682870E-03
  0.597162036860E-01  0.610676257052E-03
  0.616580256561E-01  0.672013353736E-03
  0.636629908325E-01  0.739497108504E-03
  0.657331524747E-01  0.813741036934E-03
  0.678706306090E-01  0.895419466703E-03
  0.700776141999E-01  0.985273491538E-03
  0.723563633914E-01  0.108411749525E-02
  0.747092118218E-01  0.119284629818E-02
  0.771385690136E-01  0.131244298272E-02
  0.796469228407E-01  0.144398745946E-02
  0.822368420767E-01  0.158866584023E-02
  0.849109790252E-01  0.174778068986E-02
  0.876720722361E-01  0.192276223391E-02
  0.905229493102E-01  0.211518060568E-02
  0.934665297946E-01  0.232675922172E-02
  0.965058281731E-01  0.255938938176E-02
  0.996439569526E-01  0.281514619551E-02
  0.102884129851E+00  0.309630594540E-02
  0.106229665090E+00  0.340536500163E-02
  0.109683988788E+00  0.374506041236E-02
  0.113250638475E+00  0.411839229917E-02
  0.116933266713E+00  0.452864819414E-02
  0.120735644833E+00  0.497942946139E-02
  0.124661666805E+00  0.547467995149E-02
  0.128715353216E+00  0.601871704187E-02
  0.132900855397E+00  0.661626522016E-02
  0.137222459668E+00  0.727249236938E-02
  0.141684591728E+00  0.799304891415E-02
  0.146291821191E+00  0.878410998495E-02
  0.151048866263E+00  0.965242075169E-02
  0.155960598573E+00  0.106053450692E-01
  0.161032048164E+00  0.116509175630E-01
  0.166268408645E+00  0.127978992638E-01
  0.171675042505E+00  0.140558368739E-01
  0.177257486610E+00  0.154351257132E-01
  0.183021457872E+00  0.169470763470E-01
  0.188972859099E+00  0.186039848447E-01
  0.195117785047E+00  0.204192065459E-01
  0.201462528658E+00  0.224072331261E-01
  0.208013587502E+00  0.245837726498E-01
  0.214777670437E+00  0.269658321724E-01
  0.221761704475E+00  0.295718023024E-01
  0.228972841877E+00  0.324215429531E-01
  0.236418467477E+00  0.355364693053E-01
  0.244106206248E+00  0.389396367471E-01
  0.252043931104E+00  0.426558232705E-01
  0.260239770971E+00  0.467116074641E-01
  0.268702119104E+00  0.511354398494E-01
  0.277439641688E+00  0.559577048631E-01
  0.286461286708E+00  0.612107702749E-01
  0.295776293118E+00  0.669290202539E-01
  0.305394200299E+00  0.731488676463E-01
  0.315324857827E+00  0.799087403043E-01
  0.325578435565E+00  0.872490355032E-01
  0.336165434070E+00  0.952120356126E-01
  0.347096695356E+00  0.103841777239E+00
  0.358383413989E+00  0.113183865045E+00
  0.370037148554E+00  0.123285220409E+00
  0.382069833496E+00  0.134193753974E+00
  0.394493791333E+00  0.145957950100E+00
  0.407321745286E+00  0.158626350144E+00
  0.420566832299E+00  0.172246920618E+00
  0.434242616499E+00  0.186866291449E+00
  0.448363103085E+00  0.202528849138E+00
  0.462942752668E+00  0.219275669436E+00
  0.477996496084E+00  0.237143274615E+00
  0.493539749681E+00  0.256162201501E+00
  0.509588431110E+00  0.276355368417E+00
  0.526158975622E+00  0.297736232404E+00
  0.543268352903E+00  0.320306732576E+00
  0.560934084451E+00  0.344055021839E+00
  0.579174261518E+00  0.368952997532E+00
  0.598007563639E+00  0.394953652346E+00
  0.617453277762E+00  0.421988280474E+00
  0.637531317998E+00  0.449963590614E+00
  0.658262246013E+00  0.478758797519E+00
  0.679667292090E+00  0.508222787435E+00
  0.701768376866E+00  0.538171479879E+00
  0.724588133784E+00  0.568385538594E+00
  0.748149932268E+00  0.598608617457E+00
  0.772477901660E+00  0.628546361430E+00
  0.797596955925E+00  0.657866416473E+00
  0.823532819171E+00  0.686199733042E+00
  0.850312051987E+00  0.713143471567E+00
  0.877962078648E+00  0.738265830261E+00
  0.906511215199E+00  0.761113109476E+00
  0.935988698448E+00  0.781219294841E+00
  0.966424715915E+00  0.798118374495E+00
  0.997850436742E+00  0.811359493762E+00
  0.103029804361E+01  0.820524882675E+00
  0.106380076571E+01  0.825250257690E+00
  0.109839291275E+01  0.825247090206E+00
  0.113410991012E+01  0.820325746973E+00
  0.117098833514E+01  0.810418044128E+00
  0.120906595454E+01  0.795597231490E+00
  0.124838176313E+01  0.776092867001E+00
  0.128897602374E+01  0.752297503984E+00
  0.133089030843E+01  0.724761674464E+00
  0.137416754109E+01  0.694173419651E+00
  0.141885204140E+01  0.661318737338E+00
  0.146498957018E+01  0.627019960748E+00
  0.151262737630E+01  0.592050451930E+00
  0.156181424504E+01  0.557026284916E+00
  0.161260054804E+01  0.522279689852E+00
  0.166503829491E+01  0.487889777158E+00
  0.171918118650E+01  0.453989878255E+00
  0.177508466985E+01  0.420729756548E+00
  0.183280599502E+01  0.388257288938E+00
  0.189240427369E+01  0.356717852865E+00
  0.195394053970E+01  0.326252609719E+00
  0.201747781156E+01  0.296995567896E+00
  0.208308115700E+01  0.269069811257E+00
  0.215081775958E+01  0.242583427644E+00
  0.222075698748E+01  0.217625632226E+00
  0.229297046461E+01  0.194263714946E+00
  0.236753214385E+01  0.172541080745E+00
  0.244451838290E+01  0.152476439065E+00
  0.252400802238E+01  0.134064043109E+00
  0.260608246664E+01  0.117274825299E+00
  0.269082576708E+01  0.102058294843E+00
  0.277832470823E+01  0.883451195471E-01
  0.286866889667E+01  0.760503971955E-01
  0.296195085274E+01  0.650777584508E-01
  0.305826610531E+01  0.553246567409E-01
  0.315771328961E+01  0.466892558902E-01
  0.326039424826E+01  0.390783797694E-01
  0.336641413552E+01  0.324132709624E-01
  0.347588152503E+01  0.266283090627E-01
  0.358890852096E+01  0.216627108167E-01
  0.370561087283E+01  0.174520222311E-01
  0.382610809405E+01  0.139249538302E-01
  0.395052358430E+01  0.110051938417E-01
  0.407898475591E+01  0.861522386946E-02
  0.421162316435E+01  0.667994411705E-02
  0.434857464293E+01  0.512927137797E-02
  0.448997944196E+01  0.389966182177E-02
  0.463598237228E+01  0.293478981941E-02
  0.478673295366E+01  0.218564504840E-02
  0.494238556788E+01  0.161025896314E-02
  0.510309961680E+01  0.117321035463E-02
  0.526903968567E+01  0.845010698789E-03
  0.544037571160E+01  0.601435958863E-03
  0.561728315766E+01  0.422849143785E-03
  0.579994319254E+01  0.293543289363E-03
  0.598854287607E+01  0.201124625585E-03
  0.618327535082E+01  0.135948609241E-03
  0.638434003984E+01  0.906161486738E-04
  0.659194285095E+01  0.595331615081E-04
  0.680629638758E+01  0.385333296131E-04
  0.702762016647E+01  0.245612485369E-04
  0.725614084252E+01  0.154080090285E-04
  0.749209244086E+01  0.950731098876E-05
  0.773571659655E+01  0.576699707318E-05
  0.798726280202E+01  0.343700603318E-05
  0.824698866256E+01  0.201140155110E-05
  0.851516016014E+01  0.115517048145E-05
  0.879205192582E+01  0.650660401796E-06
  0.907794752096E+01  0.359208739425E-06
  0.937313972764E+01  0.194239556453E-06
  0.967793084846E+01  0.102809045927E-06
  0.999263301616E+01  0.532258667179E-07
  0.103175685133E+02  0.269337499401E-07
  0.106530701021E+02  0.133115368399E-07
  0.109994813657E+02  0.642067816717E-08
  0.113571570594E+02  0.302000775190E-08
  0.117264634743E+02  0.138404924671E-08
  0.121077788125E+02  0.617506647985E-09
  0.125014935743E+02  0.267976467122E-09
  0.129080109579E+02  0.113011484241E-09
  0.133277472727E+02  0.462714005294E-10
  0.137611323654E+02  0.183758297366E-10
  0.142086100601E+02  0.707118275107E-11
  0.146706386131E+02  0.263390740120E-11
  0.151476911820E+02  0.948659558574E-12
  0.156402563104E+02  0.330023537800E-12
  0.161488384279E+02  0.110767386758E-12
  0.166739583672E+02  0.358264125885E-13
  0.172161538968E+02  0.111530779496E-13
  0.177759802725E+02  0.333768117758E-14
  0.183540108053E+02  0.958947742565E-15
  0.189508374491E+02  0.264160780162E-15
  0.195670714064E+02  0.696738581098E-16
  0.202033437546E+02  0.175705456911E-16
  0.208603060923E+02  0.423039192980E-17
  0.215386312064E+02  0.970961007522E-18
  0.222390137609E+02  0.212116201504E-18
  0.229621710088E+02  0.440352404711E-19
  0.237088435264E+02  0.867287254382E-20
  0.244797959716E+02  0.161778409075E-20
  0.252758178669E+02  0.285304656191E-21
  0.260977244085E+02  0.474831706379E-22
  0.269463573004E+02  0.744389975885E-23
  0.278225856169E+02  0.109711873660E-23
  0.287273066923E+02  0.151717496483E-24
  0.296614470401E+02  0.196452641851E-25
  0.306259633016E+02  0.237784365463E-26
  0.316218432257E+02  0.278640161891E-27
  0.326501066805E+02  0.000000000000E+00
  0.337118066977E+02  0.000000000000E+00
  0.348080305509E+02  0.000000000000E+00
  0.359399008690E+02  0.000000000000E+00
  0.371085767861E+02  0.000000000000E+00
  0.383152551286E+02  0.000000000000E+00
  0.395611716406E+02  0.000000000000E+00
  0.408476022493E+02  0.000000000000E+00
  0.421758643721E+02  0.000000000000E+00
  0.435473182656E+02  0.000000000000E+00
  0.449633684183E+02  0.000000000000E+00
  0.464254649894E+02  0.000000000000E+00
  0.479351052935E+02  0.000000000000E+00
  0.494938353341E+02  0.000000000000E+00
& 0 = L
  0.523189522465E-04  0.369589288701E-04
  0.540202340537E-04  0.381607410372E-04
  0.557768373012E-04  0.394016331380E-04
  0.575905609040E-04  0.406828759545E-04
  0.594632622737E-04  0.420057815912E-04
  0.613968592202E-04  0.433717048192E-04
  0.633933319156E-04  0.447820444632E-04
  0.654547249225E-04  0.462382448344E-04
  0.675831492874E-04  0.477417972091E-04
  0.697807847029E-04  0.492942413564E-04
  0.720498817396E-04  0.508971671149E-04
  0.743927641513E-04  0.525522160205E-04
  0.768118312543E-04  0.542610829882E-04
  0.793095603846E-04  0.560255180470E-04
  0.818885094352E-04  0.578473281326E-04
  0.845513194751E-04  0.597283789379E-04
  0.873007174547E-04  0.616705968234E-04
  0.901395189977E-04  0.636759707899E-04
  0.930706312849E-04  0.657465545157E-04
  0.960970560315E-04  0.678844684596E-04
  0.992218925608E-04  0.700919020324E-04
  0.102448340979E-03  0.723711158390E-04
  0.105779705450E-03  0.747244439938E-04
  0.109219397583E-03  0.771542965104E-04
  0.112770939923E-03  0.796631617705E-04
  0.116437969560E-03  0.822536090713E-04
  0.120224241853E-03  0.849282912576E-04
  0.124133634276E-03  0.876899474377E-04
  0.128170150387E-03  0.905414057892E-04
  0.132337923932E-03  0.934855864548E-04
  0.136641223075E-03  0.965255045331E-04
  0.141084454772E-03  0.996642731662E-04
  0.145672169278E-03  0.102905106728E-03
  0.150409064815E-03  0.106251324115E-03
  0.155299992379E-03  0.109706352147E-03
  0.160349960705E-03  0.113273729075E-03
  0.165564141402E-03  0.116957108205E-03
  0.170947874249E-03  0.120760261640E-03
  0.176506672657E-03  0.124687084142E-03
  0.182246229321E-03  0.128741597121E-03
  0.188172422050E-03  0.132927952753E-03
  0.194291319782E-03  0.137250438234E-03
  0.200609188804E-03  0.141713480165E-03
  0.207132499165E-03  0.146321649095E-03
  0.213867931306E-03  0.151079664191E-03
  0.220822382896E-03  0.155992398077E-03
  0.228002975904E-03  0.161064881825E-03
  0.235417063882E-03  0.166302310101E-03
  0.243072239506E-03  0.171710046491E-03
  0.250976342344E-03  0.177293628993E-03
  0.259137466887E-03  0.183058775684E-03
  0.267563970842E-03  0.189011390579E-03
  0.276264483683E-03  0.195157569680E-03
  0.285247915497E-03  0.201503607214E-03
  0.294523466102E-03  0.208056002079E-03
  0.304100634474E-03  0.214821464504E-03
  0.313989228468E-03  0.221806922916E-03
  0.324199374871E-03  0.229019531040E-03
  0.334741529763E-03  0.236466675221E-03
  0.345626489233E-03  0.244155981989E-03
  0.356865400430E-03  0.252095325870E-03
  0.368469772982E-03  0.260292837453E-03
  0.380451490780E-03  0.268756911712E-03
  0.392822824149E-03  0.277496216604E-03
  0.405596442418E-03  0.286519701948E-03
  0.418785426886E-03  0.295836608591E-03
  0.432403284226E-03  0.305456477867E-03
  0.446463960315E-03  0.315389161372E-03
  0.460981854513E-03  0.325644831053E-03
  0.475971834413E-03  0.336233989623E-03
  0.491449251063E-03  0.347167481319E-03
  0.507429954692E-03  0.358456503006E-03
  0.523930310936E-03  0.370112615643E-03
  0.540967217601E-03  0.382147756125E-03
  0.558558121969E-03  0.394574249508E-03
  0.576721038664E-03  0.407404821625E-03
  0.595474568098E-03  0.420652612128E-03
  0.614837915525E-03  0.434331187935E-03
  0.634830910705E-03  0.448454557132E-03
  0.655474028212E-03  0.463037183312E-03
  0.676788408402E-03  0.478094000392E-03
  0.698795879062E-03  0.493640427906E-03
  0.721518977767E-03  0.509692386793E-03
  0.744980974954E-03  0.526266315706E-03
  0.769205897759E-03  0.543379187846E-03
  0.794218554620E-03  0.561048528343E-03
  0.820044560684E-03  0.579292432204E-03
  0.846710364036E-03  0.598129582846E-03
  0.874243272791E-03  0.617579271230E-03
  0.902671483052E-03  0.637661415613E-03
  0.932024107790E-03  0.658396581953E-03
  0.962331206660E-03  0.679806004969E-03
  0.993623816778E-03  0.701911609885E-03
  0.102593398451E-02  0.724736034887E-03
  0.105929479830E-02  0.748302654309E-03
  0.109374042252E-02  0.772635602568E-03
  0.112930613251E-02  0.797759798883E-03
  0.116602835067E-02  0.823700972797E-03
  0.120394468374E-02  0.850485690525E-03
  0.124309396138E-02  0.878141382165E-03
  0.128351627587E-02  0.906696369787E-03
  0.132525302318E-02  0.936179896442E-03
  0.136834694539E-02  0.966622156114E-03
  0.141284217445E-02  0.998054324637E-03
  0.145878427735E-02  0.103050859163E-02
  0.150622030283E-02  0.106401819347E-02
  0.155519882951E-02  0.109861744731E-02
  0.160577001570E-02  0.113434178625E-02
  0.165798565071E-02  0.117122779564E-02
  0.171189920790E-02  0.120931325050E-02
  0.176756589948E-02  0.124863715426E-02
  0.182504273299E-02  0.128923977868E-02
  0.188438856974E-02  0.133116270511E-02
  0.194566418505E-02  0.137444886708E-02
  0.200893233051E-02  0.141914259428E-02
  0.207425779823E-02  0.146528965793E-02
  0.214170748719E-02  0.151293731772E-02
  0.221135047176E-02  0.156213437016E-02
  0.228325807246E-02  0.161293119862E-02
  0.235750392895E-02  0.166537982488E-02
  0.243416407546E-02  0.171953396247E-02
  0.251331701870E-02  0.177544907165E-02
  0.259504381819E-02  0.183318241625E-02
  0.267942816931E-02  0.189279312231E-02
  0.276655648902E-02  0.195434223869E-02
  0.285651800433E-02  0.201789279953E-02
  0.294940484369E-02  0.208350988892E-02
  0.304531213134E-02  0.215126070750E-02
  0.314433808473E-02  0.222121464137E-02
  0.324658411508E-02  0.229344333313E-02
  0.335215493127E-02  0.236802075529E-02
  0.346115864703E-02  0.244502328609E-02
  0.357370689170E-02  0.252452978773E-02
  0.368991492450E-02  0.260662168720E-02
  0.380990175264E-02  0.269138305968E-02
  0.393379025309E-02  0.277890071474E-02
  0.406170729852E-02  0.286926428528E-02
  0.419378388714E-02  0.296256631937E-02
  0.433015527694E-02  0.305890237514E-02
  0.447096112413E-02  0.315837111870E-02
  0.461634562620E-02  0.326107442524E-02
  0.476645766959E-02  0.336711748351E-02
  0.492145098215E-02  0.347660890362E-02
  0.508148429057E-02  0.358966082839E-02
  0.524672148295E-02  0.370638904832E-02
  0.541733177661E-02  0.382691312032E-02
  0.559348989139E-02  0.395135649027E-02
  0.577537622861E-02  0.407984661968E-02
  0.596317705576E-02  0.421251511635E-02
  0.615708469731E-02  0.434949786937E-02
  0.635729773162E-02  0.449093518855E-02
  0.656402119433E-02  0.463697194829E-02
  0.677746678834E-02  0.478775773631E-02
  0.699785310058E-02  0.494344700708E-02
  0.722540582591E-02  0.510419924037E-02
  0.746035799818E-02  0.527017910491E-02
  0.770295022897E-02  0.544155662749E-02
  0.795343095390E-02  0.561850736746E-02
  0.821205668714E-02  0.580121259707E-02
  0.847909228403E-02  0.598985948765E-02
  0.875481121236E-02  0.618464130186E-02
  0.903949583240E-02  0.638575759228E-02
  0.933343768609E-02  0.659341440653E-02
  0.963693779556E-02  0.680782449904E-02
  0.995030697145E-02  0.702920754982E-02
  0.102738661312E-01  0.725779039044E-02
  0.106079466276E-01  0.749380723732E-02
  0.109528905883E-01  0.773749993286E-02
  0.113090512662E-01  0.798911819430E-02
  0.116767934007E-01  0.824891987097E-02
  0.120564935921E-01  0.851717120985E-02
  0.124485406864E-01  0.879414713000E-02
  0.128533361742E-01  0.908013150597E-02
  0.132712946014E-01  0.937541746063E-02
  0.137028439941E-01  0.968030766764E-02
  0.141484262963E-01  0.999511466394E-02
  0.146084978235E-01  0.103201611726E-01
  0.150835297289E-01  0.106557804365E-01
  0.155740084869E-01  0.110023165627E-01
  0.160804363905E-01  0.113601248789E-01
  0.166033320662E-01  0.117295723011E-01
  0.171432310047E-01  0.121110377141E-01
  0.177006861099E-01  0.125049123643E-01
  0.182762682643E-01  0.129116002659E-01
  0.188705669146E-01  0.133315186208E-01
  0.194841906743E-01  0.137650982519E-01
  0.201177679479E-01  0.142127840523E-01
  0.207719475739E-01  0.146750354485E-01
  0.214473994894E-01  0.151523268796E-01
  0.221448154160E-01  0.156451482931E-01
  0.228649095688E-01  0.161540056572E-01
  0.236084193870E-01  0.166794214906E-01
  0.243761062897E-01  0.172219354107E-01
  0.251687564553E-01  0.177821047003E-01
  0.259871816268E-01  0.183605048936E-01
  0.268322199432E-01  0.189577303834E-01
  0.277047367976E-01  0.195743950484E-01
  0.286056257234E-01  0.202111329024E-01
  0.295358093096E-01  0.208685987668E-01
  0.304962401455E-01  0.215474689664E-01
  0.314879017962E-01  0.222484420494E-01
  0.325118098099E-01  0.229722395334E-01
  0.335690127579E-01  0.237196066778E-01
  0.346605933084E-01  0.244913132836E-01
  0.357876693351E-01  0.252881545228E-01
  0.369513950626E-01  0.261109517964E-01
  0.381529622476E-01  0.269605536255E-01
  0.393936013999E-01  0.278378365735E-01
  0.406745830424E-01  0.287437062031E-01
  0.419972190122E-01  0.296790980690E-01
  0.433628638043E-01  0.306449787472E-01
  0.447729159581E-01  0.316423469038E-01
  0.462288194903E-01  0.326722344042E-01
  0.477320653733E-01  0.337357074646E-01
  0.492841930623E-01  0.348338678485E-01
  0.508867920717E-01  0.359678541096E-01
  0.525415036028E-01  0.371388428840E-01
  0.542500222249E-01  0.383480502334E-01
  0.560140976104E-01  0.395967330428E-01
  0.578355363267E-01  0.408861904743E-01
  0.597162036860E-01  0.422177654812E-01
  0.616580256561E-01  0.435928463843E-01
  0.636629908325E-01  0.450128685150E-01
  0.657331524747E-01  0.464793159271E-01
  0.678706306090E-01  0.479937231829E-01
  0.700776141999E-01  0.495576772164E-01
  0.723563633914E-01  0.511728192784E-01
  0.747092118218E-01  0.528408469678E-01
  0.771385690136E-01  0.545635163548E-01
  0.796469228407E-01  0.563426442004E-01
  0.822368420767E-01  0.581801102778E-01
  0.849109790252E-01  0.600778598032E-01
  0.876720722361E-01  0.620379059805E-01
  0.905229493102E-01  0.640623326676E-01
  0.934665297946E-01  0.661532971724E-01
  0.965058281731E-01  0.683130331850E-01
  0.996439569526E-01  0.705438538551E-01
  0.102884129851E+00  0.728481550234E-01
  0.106229665090E+00  0.752284186171E-01
  0.109683988788E+00  0.776872162178E-01
  0.113250638475E+00  0.802272128139E-01
  0.116933266713E+00  0.828511707488E-01
  0.120735644833E+00  0.855619538755E-01
  0.124661666805E+00  0.883625319309E-01
  0.128715353216E+00  0.912559851432E-01
  0.132900855397E+00  0.942455090849E-01
  0.137222459668E+00  0.973344197864E-01
  0.141684591728E+00  0.100526159125E+00
  0.146291821191E+00  0.103824300504E+00
  0.151048866263E+00  0.107232554837E+00
  0.155960598573E+00  0.110754776851E+00
  0.161032048164E+00  0.114394971733E+00
  0.166268408645E+00  0.118157302119E+00
  0.171675042505E+00  0.122046095453E+00
  0.177257486610E+00  0.126065851729E+00
  0.183021457872E+00  0.130221251620E+00
  0.188972859099E+00  0.134517165009E+00
  0.195117785047E+00  0.138958659935E+00
  0.201462528658E+00  0.143551011946E+00
  0.208013587502E+00  0.148299713866E+00
  0.214777670437E+00  0.153210485974E+00
  0.221761704475E+00  0.158289286571E+00
  0.228972841877E+00  0.163542322917E+00
  0.236418467477E+00  0.168976062510E+00
  0.244106206248E+00  0.174597244658E+00
  0.252043931104E+00  0.180412892270E+00
  0.260239770971E+00  0.186430323807E+00
  0.268702119104E+00  0.192657165264E+00
  0.277439641688E+00  0.199101362068E+00
  0.286461286708E+00  0.205771190716E+00
  0.295776293118E+00  0.212675269946E+00
  0.305394200299E+00  0.219822571205E+00
  0.315324857827E+00  0.227222428082E+00
  0.325578435565E+00  0.234884544359E+00
  0.336165434070E+00  0.242819000224E+00
  0.347096695356E+00  0.251036256114E+00
  0.358383413989E+00  0.259547153554E+00
  0.370037148554E+00  0.268362912247E+00
  0.382069833496E+00  0.277495122525E+00
  0.394493791333E+00  0.286955732115E+00
  0.407321745286E+00  0.296757026013E+00
  0.420566832299E+00  0.306911598035E+00
  0.434242616499E+00  0.317432312394E+00
  0.448363103085E+00  0.328332253407E+00
  0.462942752668E+00  0.339624661103E+00
  0.477996496084E+00  0.351322850233E+00
  0.493539749681E+00  0.363440109772E+00
  0.509588431110E+00  0.375989579638E+00
  0.526158975622E+00  0.388984100899E+00
  0.543268352903E+00  0.402436035287E+00
  0.560934084451E+00  0.416357049319E+00
  0.579174261518E+00  0.430757857807E+00
  0.598007563639E+00  0.445647921010E+00
  0.617453277762E+00  0.461035089095E+00
  0.637531317998E+00  0.476925187082E+00
  0.658262246013E+00  0.493321532932E+00
  0.679667292090E+00  0.510224381005E+00
  0.701768376866E+00  0.527630282823E+00
  0.724588133784E+00  0.545531356912E+00
  0.748149932268E+00  0.563914459577E+00
  0.772477901660E+00  0.582760248871E+00
  0.797596955925E+00  0.602042134804E+00
  0.823532819171E+00  0.621725110196E+00
  0.850312051987E+00  0.641764458538E+00
  0.877962078648E+00  0.662104338084E+00
  0.906511215199E+00  0.682676245206E+00
  0.935988698448E+00  0.703397365092E+00
  0.966424715915E+00  0.724168824325E+00
  0.997850436742E+00  0.744873868032E+00
  0.103029804361E+01  0.765375994256E+00
  0.106380076571E+01  0.785517090328E+00
  0.109839291275E+01  0.805115630331E+00
  0.113410991012E+01  0.823965009420E+00
  0.117098833514E+01  0.841832109711E+00
  0.120906595454E+01  0.858456213514E+00
  0.124838176313E+01  0.873548402339E+00
  0.128897602374E+01  0.886791603616E+00
  0.133089030843E+01  0.897841470209E+00
  0.137416754109E+01  0.906328298822E+00
  0.141885204140E+01  0.911860209917E+00
  0.146498957018E+01  0.914027820608E+00
  0.151262737630E+01  0.912410639269E+00
  0.156181424504E+01  0.906585391315E+00
  0.161260054804E+01  0.896138005382E+00
  0.166503829491E+01  0.880866264485E+00
  0.171918118650E+01  0.860981403226E+00
  0.177508466985E+01  0.836793395127E+00
  0.183280599502E+01  0.808669367319E+00
  0.189240427369E+01  0.777031735922E+00
  0.195394053970E+01  0.742353234432E+00
  0.201747781156E+01  0.705148164638E+00
  0.208308115700E+01  0.665960128045E+00
  0.215081775958E+01  0.625346792458E+00
  0.222075698748E+01  0.583863420872E+00
  0.229297046461E+01  0.542046467294E+00
  0.236753214385E+01  0.500398672439E+00
  0.244451838290E+01  0.459376287150E+00
  0.252400802238E+01  0.419378829835E+00
  0.260608246664E+01  0.380741522537E+00
  0.269082576708E+01  0.343730554649E+00
  0.277832470823E+01  0.308541457268E+00
  0.286866889667E+01  0.275301144224E+00
  0.296195085274E+01  0.244074708155E+00
  0.305826610531E+01  0.214878985179E+00
  0.315771328961E+01  0.187705362999E+00
  0.326039424826E+01  0.162550715810E+00
  0.336641413552E+01  0.139443457983E+00
  0.347588152503E+01  0.118442161690E+00
  0.358890852096E+01  0.996019539266E-01
  0.370561087283E+01  0.829351127129E-01
  0.382610809405E+01  0.683921189131E-01
  0.395052358430E+01  0.558654394909E-01
  0.407898475591E+01  0.452049261679E-01
  0.421162316435E+01  0.362350678469E-01
  0.434857464293E+01  0.287695049284E-01
  0.448997944196E+01  0.226217149399E-01
  0.463598237228E+01  0.176122765087E-01
  0.478673295366E+01  0.135735004357E-01
  0.494238556788E+01  0.103521554069E-01
  0.510309961680E+01  0.781084232237E-02
  0.526903968567E+01  0.582841026788E-02
  0.544037571160E+01  0.429968992415E-02
  0.561728315766E+01  0.313474327148E-02
  0.579994319254E+01  0.225777980735E-02
  0.598854287607E+01  0.160585800589E-02
  0.618327535082E+01  0.112746854786E-02
  0.638434003984E+01  0.781078190220E-03
  0.659194285095E+01  0.533697567154E-03
  0.680629638758E+01  0.359521858740E-03
  0.702762016647E+01  0.238678288184E-03
  0.725614084252E+01  0.156069408886E-03
  0.749209244086E+01  0.100459158321E-03
  0.773571659655E+01  0.636226523286E-04
  0.798726280202E+01  0.396241836727E-04
  0.824698866256E+01  0.242551017888E-04
  0.851516016014E+01  0.145847790446E-04
  0.879205192582E+01  0.860997769178E-05
  0.907794752096E+01  0.498715114544E-05
  0.937313972764E+01  0.283260185584E-05
  0.967793084846E+01  0.157661711026E-05
  0.999263301616E+01  0.859390622464E-06
  0.103175685133E+02  0.458442813557E-06
  0.106530701021E+02  0.239169987586E-06
  0.109994813657E+02  0.121938793053E-06
  0.113571570594E+02  0.607109779965E-07
  0.117264634743E+02  0.294950059030E-07
  0.121077788125E+02  0.139714186725E-07
  0.125014935743E+02  0.644743292674E-08
  0.129080109579E+02  0.289613873335E-08
  0.133277472727E+02  0.126519648801E-08
  0.137611323654E+02  0.537044371157E-09
  0.142086100601E+02  0.221294508594E-09
  0.146706386131E+02  0.884343295978E-10
  0.151476911820E+02  0.342396101883E-10
  0.156402563104E+02  0.128306379012E-10
  0.161488384279E+02  0.464856107924E-11
  0.166739583672E+02  0.162653747699E-11
  0.172161538968E+02  0.549027119048E-12
  0.177759802725E+02  0.178566809097E-12
  0.183540108053E+02  0.558935255000E-13
  0.189508374491E+02  0.168165058246E-13
  0.195670714064E+02  0.485697330064E-14
  0.202033437546E+02  0.134485531520E-14
  0.208603060923E+02  0.356509367139E-15
  0.215386312064E+02  0.903521267314E-16
  0.222390137609E+02  0.218597247814E-16
  0.229621710088E+02  0.504122892121E-17
  0.237088435264E+02  0.110646896784E-17
  0.244797959716E+02  0.230758307870E-18
  0.252758178669E+02  0.456533723829E-19
  0.260977244085E+02  0.855352704077E-20
  0.269463573004E+02  0.151499290989E-20
  0.278225856169E+02  0.253210214888E-21
  0.287273066923E+02  0.398606943395E-22
  0.296614470401E+02  0.589880698297E-23
  0.306259633016E+02  0.818985254466E-24
  0.316218432257E+02  0.106461378371E-24
  0.326501066805E+02  0.129353439708E-25
  0.337118066977E+02  0.152170932845E-26
  0.348080305509E+02  0.000000000000E+00
  0.359399008690E+02  0.000000000000E+00
  0.371085767861E+02  0.000000000000E+00
  0.383152551286E+02  0.000000000000E+00
  0.395611716406E+02  0.000000000000E+00
  0.408476022493E+02  0.000000000000E+00
  0.421758643721E+02  0.000000000000E+00
  0.435473182656E+02  0.000000000000E+00
  0.449633684183E+02  0.000000000000E+00
  0.464254649894E+02  0.000000000000E+00
  0.479351052935E+02  0.000000000000E+00
  0.494938353341E+02  0.000000000000E+00
& 1 = L
  0.523189522465E-04  0.843318298830E-09
  0.540202340537E-04  0.899055228243E-09
  0.557768373012E-04  0.958475945037E-09
  0.575905609040E-04  0.102182391956E-08
  0.594632622737E-04  0.108935871370E-08
  0.613968592202E-04  0.116135704440E-08
  0.633933319156E-04  0.123811391752E-08
  0.654547249225E-04  0.131994383654E-08
  0.675831492874E-04  0.140718209123E-08
  0.697807847029E-04  0.150018613147E-08
  0.720498817396E-04  0.159933703188E-08
  0.743927641513E-04  0.170504105319E-08
  0.768118312543E-04  0.181773130689E-08
  0.793095603846E-04  0.193786952984E-08
  0.818885094352E-04  0.206594797621E-08
  0.845513194751E-04  0.220249143441E-08
  0.873007174547E-04  0.234805937741E-08
  0.901395189977E-04  0.250324825505E-08
  0.930706312849E-04  0.266869393801E-08
  0.960970560315E-04  0.284507432317E-08
  0.992218925608E-04  0.303311211125E-08
  0.102448340979E-03  0.323357776800E-08
  0.105779705450E-03  0.344729268108E-08
  0.109219397583E-03  0.367513252567E-08
  0.112770939923E-03  0.391803085241E-08
  0.116437969560E-03  0.417698291253E-08
  0.120224241853E-03  0.445304973584E-08
  0.124133634276E-03  0.474736247813E-08
  0.128170150387E-03  0.506112705602E-08
  0.132337923932E-03  0.539562908804E-08
  0.136641223075E-03  0.575223916236E-08
  0.141084454772E-03  0.613241845260E-08
  0.145672169278E-03  0.653772470487E-08
  0.150409064815E-03  0.696981862049E-08
  0.155299992379E-03  0.743047066049E-08
  0.160349960705E-03  0.792156829997E-08
  0.165564141402E-03  0.844512376177E-08
  0.170947874249E-03  0.900328226142E-08
  0.176506672657E-03  0.959833079689E-08
  0.182246229321E-03  0.102327075194E-07
  0.188172422050E-03  0.109090117233E-07
  0.194291319782E-03  0.116300144969E-07
  0.200609188804E-03  0.123986700762E-07
  0.207132499165E-03  0.132181279497E-07
  0.213867931306E-03  0.140917457634E-07
  0.220822382896E-03  0.150231030781E-07
  0.228002975904E-03  0.160160160366E-07
  0.235417063882E-03  0.170745529997E-07
  0.243072239506E-03  0.182030512159E-07
  0.250976342344E-03  0.194061345931E-07
  0.259137466887E-03  0.206887326445E-07
  0.267563970842E-03  0.220561006867E-07
  0.276264483683E-03  0.235138413729E-07
  0.285247915497E-03  0.250679276494E-07
  0.294523466102E-03  0.267247272290E-07
  0.304100634474E-03  0.284910286819E-07
  0.313989228468E-03  0.303740692517E-07
  0.324199374871E-03  0.323815645090E-07
  0.334741529763E-03  0.345217399653E-07
  0.345626489233E-03  0.368033647762E-07
  0.356865400430E-03  0.392357876721E-07
  0.368469772982E-03  0.418289752642E-07
  0.380451490780E-03  0.445935528812E-07
  0.392822824149E-03  0.475408481060E-07
  0.405596442418E-03  0.506829371892E-07
  0.418785426886E-03  0.540326945307E-07
  0.432403284226E-03  0.576038454312E-07
  0.446463960315E-03  0.614110223303E-07
  0.460981854513E-03  0.654698247619E-07
  0.475971834413E-03  0.697968832718E-07
  0.491449251063E-03  0.744099275599E-07
  0.507429954692E-03  0.793278591262E-07
  0.523930310936E-03  0.845708287181E-07
  0.540967217601E-03  0.901603188962E-07
  0.558558121969E-03  0.961192320578E-07
  0.576721038664E-03  0.102471984277E-06
  0.595474568098E-03  0.109244605349E-06
  0.614837915525E-03  0.116464845442E-06
  0.634830910705E-03  0.124162288806E-06
  0.655474028212E-03  0.132368474988E-06
  0.676788408402E-03  0.141117028065E-06
  0.698795879062E-03  0.150443794417E-06
  0.721518977767E-03  0.160386989602E-06
  0.744980974954E-03  0.170987354945E-06
  0.769205897759E-03  0.182288324472E-06
  0.794218554620E-03  0.194336202877E-06
  0.820044560684E-03  0.207180355255E-06
  0.846710364036E-03  0.220873409369E-06
  0.874243272791E-03  0.235471471295E-06
  0.902671483052E-03  0.251034355309E-06
  0.932024107790E-03  0.267625828974E-06
  0.962331206660E-03  0.285313874429E-06
  0.993623816778E-03  0.304170966936E-06
  0.102593398451E-02  0.324274371853E-06
  0.105929479830E-02  0.345706461219E-06
  0.109374042252E-02  0.368555051278E-06
  0.112930613251E-02  0.392913762298E-06
  0.116602835067E-02  0.418882402184E-06
  0.120394468374E-02  0.446567375435E-06
  0.124309396138E-02  0.476082119143E-06
  0.128351627587E-02  0.507547567793E-06
  0.132525302318E-02  0.541092648801E-06
  0.136834694539E-02  0.576854810792E-06
  0.141284217445E-02  0.614980586803E-06
  0.145878427735E-02  0.655626194701E-06
  0.150622030283E-02  0.698958177299E-06
  0.155519882951E-02  0.745154084771E-06
  0.160577001570E-02  0.794403202174E-06
  0.165798565071E-02  0.846907325059E-06
  0.171189920790E-02  0.902881586346E-06
  0.176756589948E-02  0.962555337851E-06
  0.182504273299E-02  0.102617309008E-05
  0.188438856974E-02  0.109399551415E-05
  0.194566418505E-02  0.116630050990E-05
  0.200893233051E-02  0.124338434466E-05
  0.207425779823E-02  0.132556286725E-05
  0.214170748719E-02  0.141317280221E-05
  0.221135047176E-02  0.150657312962E-05
  0.228325807246E-02  0.160614655611E-05
  0.235750392895E-02  0.171230108306E-05
  0.243416407546E-02  0.182547167857E-05
  0.251331701870E-02  0.194612205977E-05
  0.259504381819E-02  0.207474659315E-05
  0.267942816931E-02  0.221187232037E-05
  0.276655648902E-02  0.235806111797E-05
  0.285651800433E-02  0.251391199997E-05
  0.294940484369E-02  0.268006357257E-05
  0.304531213134E-02  0.285719665112E-05
  0.314433808473E-02  0.304603705017E-05
  0.324658411508E-02  0.324735855791E-05
  0.335215493127E-02  0.346198610718E-05
  0.346115864703E-02  0.369079915627E-05
  0.357370689170E-02  0.393473529304E-05
  0.368991492450E-02  0.419479407748E-05
  0.380990175264E-02  0.447204113819E-05
  0.393379025309E-02  0.476761253974E-05
  0.406170729852E-02  0.508271943878E-05
  0.419378388714E-02  0.541865304802E-05
  0.433015527694E-02  0.577678992834E-05
  0.447096112413E-02  0.615859763088E-05
  0.461634562620E-02  0.656564071222E-05
  0.476645766959E-02  0.699958714720E-05
  0.492145098215E-02  0.746221516588E-05
  0.508148429057E-02  0.795542054261E-05
  0.524672148295E-02  0.848122436709E-05
  0.541733177661E-02  0.904178132932E-05
  0.559348989139E-02  0.963938855263E-05
  0.577537622861E-02  0.102764950107E-04
  0.596317705576E-02  0.109557115675E-04
  0.615708469731E-02  0.116798216817E-04
  0.635729773162E-02  0.124517928182E-04
  0.656402119433E-02  0.132747886157E-04
  0.677746678834E-02  0.141521818585E-04
  0.699785310058E-02  0.150875683064E-04
  0.722540582591E-02  0.160847814404E-04
  0.746035799818E-02  0.171479081834E-04
  0.770295022897E-02  0.182813056614E-04
  0.795343095390E-02  0.194896190740E-04
  0.821205668714E-02  0.207778007475E-04
  0.847909228403E-02  0.221511304496E-04
  0.875481121236E-02  0.236152370483E-04
  0.903949583240E-02  0.251761216048E-04
  0.933343768609E-02  0.268401819959E-04
  0.963693779556E-02  0.286142391666E-04
  0.995030697145E-02  0.305055651208E-04
  0.102738661312E-01  0.325219127671E-04
  0.106079466276E-01  0.346715477411E-04
  0.109528905883E-01  0.369632823360E-04
  0.113090512662E-01  0.394065116820E-04
  0.116767934007E-01  0.420112523237E-04
  0.120564935921E-01  0.447881833550E-04
  0.124485406864E-01  0.477486902802E-04
  0.128533361742E-01  0.509049117859E-04
  0.132712946014E-01  0.542697896136E-04
  0.137028439941E-01  0.578571217422E-04
  0.141484262963E-01  0.616816191001E-04
  0.146084978235E-01  0.657589660411E-04
  0.150835297289E-01  0.701058848377E-04
  0.155740084869E-01  0.747402044563E-04
  0.160804363905E-01  0.796809339037E-04
  0.166033320662E-01  0.849483404482E-04
  0.171432310047E-01  0.905640330414E-04
  0.177006861099E-01  0.965510512902E-04
  0.182762682643E-01  0.102933960348E-03
  0.188705669146E-01  0.109738952126E-03
  0.194841906743E-01  0.116993953242E-03
  0.201177679479E-01  0.124728740167E-03
  0.207719475739E-01  0.132975062048E-03
  0.214473994894E-01  0.141766771725E-03
  0.221448154160E-01  0.151139965490E-03
  0.228649095688E-01  0.161133132194E-03
  0.236084193870E-01  0.171787312306E-03
  0.243761062897E-01  0.183146267622E-03
  0.251687564553E-01  0.195256662332E-03
  0.259871816268E-01  0.208168256221E-03
  0.268322199432E-01  0.221934110822E-03
  0.277047367976E-01  0.236610809412E-03
  0.286056257234E-01  0.252258691783E-03
  0.295358093096E-01  0.268942104815E-03
  0.304962401455E-01  0.286729669904E-03
  0.314879017962E-01  0.305694568438E-03
  0.325118098099E-01  0.325914846527E-03
  0.335690127579E-01  0.347473740343E-03
  0.346605933084E-01  0.370460023468E-03
  0.357876693351E-01  0.394968377801E-03
  0.369513950626E-01  0.421099789634E-03
  0.381529622476E-01  0.448961972681E-03
  0.393936013999E-01  0.478669819913E-03
  0.406745830424E-01  0.510345886244E-03
  0.419972190122E-01  0.544120904230E-03
  0.433628638043E-01  0.580134335111E-03
  0.447729159581E-01  0.618534957705E-03
  0.462288194903E-01  0.659481497855E-03
  0.477320653733E-01  0.703143301316E-03
  0.492841930623E-01  0.749701053218E-03
  0.508867920717E-01  0.799347547451E-03
  0.525415036028E-01  0.852288509600E-03
  0.542500222249E-01  0.908743477333E-03
  0.560140976104E-01  0.968946742446E-03
  0.578355363267E-01  0.103314835911E-02
  0.597162036860E-01  0.110161522321E-02
  0.616580256561E-01  0.117463222811E-02
  0.636629908325E-01  0.125250350255E-02
  0.657331524747E-01  0.133555373681E-02
  0.678706306090E-01  0.142412960398E-02
  0.700776141999E-01  0.151860128351E-02
  0.723563633914E-01  0.161936409485E-02
  0.747092118218E-01  0.172684024994E-02
  0.771385690136E-01  0.184148073353E-02
  0.796469228407E-01  0.196376732165E-02
  0.822368420767E-01  0.209421474898E-02
  0.849109790252E-01  0.223337303714E-02
  0.876720722361E-01  0.238182999678E-02
  0.905229493102E-01  0.254021391761E-02
  0.934665297946E-01  0.270919646167E-02
  0.965058281731E-01  0.288949577665E-02
  0.996439569526E-01  0.308187984750E-02
  0.102884129851E+00  0.328717010632E-02
  0.106229665090E+00  0.350624532227E-02
  0.109683988788E+00  0.374004579529E-02
  0.113250638475E+00  0.398957787985E-02
  0.116933266713E+00  0.425591886691E-02
  0.120735644833E+00  0.454022225555E-02
  0.124661666805E+00  0.484372344824E-02
  0.128715353216E+00  0.516774590711E-02
  0.132900855397E+00  0.551370781218E-02
  0.137222459668E+00  0.588312926645E-02
  0.141684591728E+00  0.627764009668E-02
  0.146291821191E+00  0.669898830402E-02
  0.151048866263E+00  0.714904922303E-02
  0.155960598573E+00  0.762983545380E-02
  0.161032048164E+00  0.814350763762E-02
  0.166268408645E+00  0.869238615349E-02
  0.171675042505E+00  0.927896381972E-02
  0.177257486610E+00  0.990591969290E-02
  0.183021457872E+00  0.105761340646E-01
  0.188972859099E+00  0.112927047657E-01
  0.195117785047E+00  0.120589648965E-01
  0.201462528658E+00  0.128785021140E-01
  0.208013587502E+00  0.137551796134E-01
  0.214777670437E+00  0.146931589592E-01
  0.221761704475E+00  0.156969249252E-01
  0.228972841877E+00  0.167713125220E-01
  0.236418467477E+00  0.179215363973E-01
  0.244106206248E+00  0.191532228097E-01
  0.252043931104E+00  0.204724443870E-01
  0.260239770971E+00  0.218857578902E-01
  0.268702119104E+00  0.234002452155E-01
  0.277439641688E+00  0.250235578723E-01
  0.286461286708E+00  0.267639651800E-01
  0.295776293118E+00  0.286304064277E-01
  0.305394200299E+00  0.306325472339E-01
  0.315324857827E+00  0.327808403337E-01
  0.325578435565E+00  0.350865910001E-01
  0.336165434070E+00  0.375620272710E-01
  0.347096695356E+00  0.402203751133E-01
  0.358383413989E+00  0.430759385859E-01
  0.370037148554E+00  0.461441849841E-01
  0.382069833496E+00  0.494418348316E-01
  0.394493791333E+00  0.529869564487E-01
  0.407321745286E+00  0.567990646385E-01
  0.420566832299E+00  0.608992228104E-01
  0.434242616499E+00  0.653101475741E-01
  0.448363103085E+00  0.700563144952E-01
  0.462942752668E+00  0.751640632770E-01
  0.477996496084E+00  0.806617001275E-01
  0.493539749681E+00  0.865795944582E-01
  0.509588431110E+00  0.929502663339E-01
  0.526158975622E+00  0.998084602369E-01
  0.543268352903E+00  0.107191199705E+00
  0.560934084451E+00  0.115137816242E+00
  0.579174261518E+00  0.123689944542E+00
  0.598007563639E+00  0.132891474586E+00
  0.617453277762E+00  0.142788449388E+00
  0.637531317998E+00  0.153428895322E+00
  0.658262246013E+00  0.164862569831E+00
  0.679667292090E+00  0.177140609070E+00
  0.701768376866E+00  0.190315055700E+00
  0.724588133784E+00  0.204438244579E+00
  0.748149932268E+00  0.219562021770E+00
  0.772477901660E+00  0.235736770069E+00
  0.797596955925E+00  0.253010212412E+00
  0.823532819171E+00  0.271425963311E+00
  0.850312051987E+00  0.291021798118E+00
  0.877962078648E+00  0.311827610884E+00
  0.906511215199E+00  0.333863034319E+00
  0.935988698448E+00  0.357134700367E+00
  0.966424715915E+00  0.381633127948E+00
  0.997850436742E+00  0.407329236141E+00
  0.103029804361E+01  0.434170497311E+00
  0.106380076571E+01  0.462076766263E+00
  0.109839291275E+01  0.490935849238E+00
  0.113410991012E+01  0.520598911106E+00
  0.117098833514E+01  0.550875860888E+00
  0.120906595454E+01  0.581530904838E+00
  0.124838176313E+01  0.612278511949E+00
  0.128897602374E+01  0.642780097590E+00
  0.133089030843E+01  0.672641793972E+00
  0.137416754109E+01  0.701413737145E+00
  0.141885204140E+01  0.728591352579E+00
  0.146498957018E+01  0.753619156574E+00
  0.151262737630E+01  0.775897597272E+00
  0.156181424504E+01  0.794793423174E+00
  0.161260054804E+01  0.809655410949E+00
  0.166503829491E+01  0.820003825468E+00
  0.171918118650E+01  0.825724305639E+00
  0.177508466985E+01  0.826795141591E+00
  0.183280599502E+01  0.823257043232E+00
  0.189240427369E+01  0.815218878040E+00
  0.195394053970E+01  0.802860650041E+00
  0.201747781156E+01  0.786432567138E+00
  0.208308115700E+01  0.766249555667E+00
  0.215081775958E+01  0.742681465871E+00
  0.222075698748E+01  0.716139909527E+00
  0.229297046461E+01  0.687063126185E+00
  0.236753214385E+01  0.655900084396E+00
  0.244451838290E+01  0.623094770719E+00
  0.252400802238E+01  0.589071229605E+00
  0.260608246664E+01  0.554219815546E+00
  0.269082576708E+01  0.518885237184E+00
  0.277832470823E+01  0.483357335549E+00
  0.286866889667E+01  0.447866232247E+00
  0.296195085274E+01  0.412584667242E+00
  0.305826610531E+01  0.377642580102E+00
  0.315771328961E+01  0.343160732772E+00
  0.326039424826E+01  0.309304727630E+00
  0.336641413552E+01  0.276337718545E+00
  0.347588152503E+01  0.244625507177E+00
  0.358890852096E+01  0.214573682757E+00
  0.370561087283E+01  0.186539983670E+00
  0.382610809405E+01  0.160777004984E+00
  0.395052358430E+01  0.137418917238E+00
  0.407898475591E+01  0.116495998345E+00
  0.421162316435E+01  0.979587423740E-01
  0.434857464293E+01  0.817013073947E-01
  0.448997944196E+01  0.675806516808E-01
  0.463598237228E+01  0.554310158728E-01
  0.478673295366E+01  0.450745725966E-01
  0.494238556788E+01  0.363292307907E-01
  0.510309961680E+01  0.290143992222E-01
  0.526903968567E+01  0.229552721198E-01
  0.544037571160E+01  0.179860015677E-01
  0.561728315766E+01  0.139519863982E-01
  0.579994319254E+01  0.107114264814E-01
  0.598854287607E+01  0.813624848436E-02
  0.618327535082E+01  0.611248988655E-02
  0.638434003984E+01  0.454022153215E-02
  0.659194285095E+01  0.333308808118E-02
  0.680629638758E+01  0.241754694399E-02
  0.702762016647E+01  0.173187511415E-02
  0.725614084252E+01  0.122477067817E-02
  0.749209244086E+01  0.854611810718E-03
  0.773571659655E+01  0.588131994211E-03
  0.798726280202E+01  0.399008026114E-03
  0.824698866256E+01  0.266742087968E-03
  0.851516016014E+01  0.175630387726E-03
  0.879205192582E+01  0.113839733028E-03
  0.907794752096E+01  0.726030214268E-04
  0.937313972764E+01  0.455360251255E-04
  0.967793084846E+01  0.280711622759E-04
  0.999263301616E+01  0.169991756753E-04
  0.103175685133E+02  0.101066384839E-04
  0.106530701021E+02  0.589573381276E-05
  0.109994813657E+02  0.337251240090E-05
  0.113571570594E+02  0.189050248623E-05
  0.117264634743E+02  0.103782309264E-05
  0.121077788125E+02  0.557566657860E-06
  0.125014935743E+02  0.292949667739E-06
  0.129080109579E+02  0.150417160835E-06
  0.133277472727E+02  0.754197487880E-07
  0.137611323654E+02  0.368995155300E-07
  0.142086100601E+02  0.176018285007E-07
  0.146706386131E+02  0.817972730050E-08
  0.151476911820E+02  0.369993873725E-08
  0.156402563104E+02  0.162758490350E-08
  0.161488384279E+02  0.695652798653E-09
  0.166739583672E+02  0.288625531702E-09
  0.172161538968E+02  0.116131661757E-09
  0.177759802725E+02  0.452696309018E-10
  0.183540108053E+02  0.170787607575E-10
  0.189508374491E+02  0.622926777953E-11
  0.195670714064E+02  0.219417907387E-11
  0.202033437546E+02  0.745537142443E-12
  0.208603060923E+02  0.244073387584E-12
  0.215386312064E+02  0.768954840075E-13
  0.222390137609E+02  0.232846048754E-13
  0.229621710088E+02  0.676807900056E-14
  0.237088435264E+02  0.188587679872E-14
  0.244797959716E+02  0.503056564934E-15
  0.252758178669E+02  0.128280613690E-15
  0.260977244085E+02  0.312256372498E-16
  0.269463573004E+02  0.724457173030E-17
  0.278225856169E+02  0.159951895070E-17
  0.287273066923E+02  0.335539735463E-18
  0.296614470401E+02  0.667662417275E-19
  0.306259633016E+02  0.125801578371E-19
  0.316218432257E+02  0.224060799772E-20
  0.326501066805E+02  0.376536263503E-21
  0.337118066977E+02  0.595929425970E-22
  0.348080305509E+02  0.886524548060E-23
  0.359399008690E+02  0.123717059556E-23
  0.371085767861E+02  0.161629618409E-24
  0.383152551286E+02  0.197347629766E-25
  0.395611716406E+02  0.233315243755E-26
  0.408476022493E+02  0.000000000000E+00
  0.421758643721E+02  0.000000000000E+00
  0.435473182656E+02  0.000000000000E+00
  0.449633684183E+02  0.000000000000E+00
  0.464254649894E+02  0.000000000000E+00
  0.479351052935E+02  0.000000000000E+00
  0.494938353341E+02  0.000000000000E+00
&
