& U  5  351 a ! ELEMENT  LDIM  NMAX
& T T T T T
& 0.0 0.0 0.0 0.0 0.0
& 0 = L
  0.720276473335E-04  0.286487574986E-03
  0.743698067378E-04  0.295803436087E-03
  0.767881273230E-04  0.305422225736E-03
  0.792850856606E-04  0.315353794413E-03
  0.818632388541E-04  0.325608312910E-03
  0.845252271579E-04  0.336196282748E-03
  0.872737766804E-04  0.347128546931E-03
  0.901117021766E-04  0.358416301050E-03
  0.930419099302E-04  0.370071104748E-03
  0.960674007299E-04  0.382104893560E-03
  0.991912729428E-04  0.394529991133E-03
  0.102416725687E-03  0.407359121850E-03
  0.105747062108E-03  0.420605423855E-03
  0.109185692761E-03  0.434282462517E-03
  0.112736139105E-03  0.448404244311E-03
  0.116402037106E-03  0.462985231170E-03
  0.120187140965E-03  0.478040355294E-03
  0.124095326959E-03  0.493585034437E-03
  0.128130597412E-03  0.509635187701E-03
  0.132297084793E-03  0.526207251837E-03
  0.136599055949E-03  0.543318198078E-03
  0.141040916476E-03  0.560985549517E-03
  0.145627215226E-03  0.579227399055E-03
  0.150362648969E-03  0.598062427926E-03
  0.155252067205E-03  0.617509924833E-03
  0.160300477124E-03  0.637589805696E-03
  0.165513048739E-03  0.658322634051E-03
  0.170895120180E-03  0.679729642108E-03
  0.176452203157E-03  0.701832752493E-03
  0.182189988609E-03  0.724654600699E-03
  0.188114352530E-03  0.748218558270E-03
  0.194231361986E-03  0.772548756728E-03
  0.200547281330E-03  0.797670112295E-03
  0.207068578615E-03  0.823608351399E-03
  0.213801932218E-03  0.850390037029E-03
  0.220754237684E-03  0.878042595930E-03
  0.227932614779E-03  0.906594346695E-03
  0.235344414789E-03  0.936074528763E-03
  0.242997228045E-03  0.966513332364E-03
  0.250898891697E-03  0.997941929433E-03
  0.259057497739E-03  0.103039250554E-02
  0.267481401296E-03  0.106389829283E-02
  0.276179229182E-03  0.109849360408E-02
  0.285159888732E-03  0.113421386783E-02
  0.294432576927E-03  0.117109566466E-02
  0.304006789809E-03  0.120917676464E-02
  0.313892332209E-03  0.124849616604E-02
  0.324099327787E-03  0.128909413523E-02
  0.334638229398E-03  0.133101224793E-02
  0.345519829797E-03  0.137429343181E-02
  0.356755272696E-03  0.141898201040E-02
  0.368356064168E-03  0.146512374855E-02
  0.380334084439E-03  0.151276589920E-02
  0.392701600048E-03  0.156195725186E-02
  0.405471276411E-03  0.161274818253E-02
  0.418656190792E-03  0.166519070529E-02
  0.432269845697E-03  0.171933852555E-02
  0.446326182698E-03  0.177524709510E-02
  0.460839596712E-03  0.183297366882E-02
  0.475824950743E-03  0.189257736337E-02
  0.491297591103E-03  0.195411921771E-02
  0.507273363128E-03  0.201766225557E-02
  0.523768627405E-03  0.208327155006E-02
  0.540800276525E-03  0.215101429023E-02
  0.558385752386E-03  0.222095984992E-02
  0.576543064051E-03  0.229317985879E-02
  0.595290806195E-03  0.236774827564E-02
  0.614648178144E-03  0.244474146419E-02
  0.634635003537E-03  0.252423827125E-02
  0.655271750632E-03  0.260632010743E-02
  0.676579553259E-03  0.269107103057E-02
  0.698580232471E-03  0.277857783174E-02
  0.721296318887E-03  0.286893012417E-02
  0.744751075763E-03  0.296222043494E-02
  0.768968522820E-03  0.305854429982E-02
  0.793973460840E-03  0.315800036098E-02
  0.819791497065E-03  0.326069046807E-02
  0.846449071420E-03  0.336671978249E-02
  0.873973483591E-03  0.347619688502E-02
  0.902392920980E-03  0.358923388706E-02
  0.931736487575E-03  0.370594654537E-02
  0.962034233753E-03  0.382645438059E-02
  0.993317187052E-03  0.395088079962E-02
  0.102561738395E-02  0.407935322199E-02
  0.105896790268E-02  0.421200321026E-02
  0.109340289707E-02  0.434896660474E-02
  0.112895763158E-02  0.449038366257E-02
  0.116566851735E-02  0.463639920127E-02
  0.120357314955E-02  0.478716274704E-02
  0.124271034582E-02  0.494282868777E-02
  0.128312018608E-02  0.510355643114E-02
  0.132484405354E-02  0.526951056773E-02
  0.136792467708E-02  0.544086103958E-02
  0.141240617503E-02  0.561778331405E-02
  0.145833410032E-02  0.580045856346E-02
  0.150575548716E-02  0.598907385054E-02
  0.155471889920E-02  0.618382231984E-02
  0.160527447925E-02  0.638490339542E-02
  0.165747400065E-02  0.659252298493E-02
  0.171137092026E-02  0.680689369032E-02
  0.176702043324E-02  0.702823502540E-02
  0.182447952955E-02  0.725677364043E-02
  0.188380705233E-02  0.749274355407E-02
  0.194506375815E-02  0.773638639274E-02
  0.200831237922E-02  0.798795163786E-02
  0.207361768767E-02  0.824769688104E-02
  0.214104656183E-02  0.851588808760E-02
  0.221066805476E-02  0.879279986858E-02
  0.228255346496E-02  0.907871576158E-02
  0.235677640936E-02  0.937392852075E-02
  0.243341289876E-02  0.967874041616E-02
  0.251254141560E-02  0.999346354279E-02
  0.259424299442E-02  0.103184201397E-01
  0.267860130475E-02  0.106539429192E-01
  0.276570273689E-02  0.110003754074E-01
  0.285563649031E-02  0.113580722948E-01
  0.294849466503E-02  0.117273997987E-01
  0.304437235594E-02  0.121087360379E-01
  0.314336775018E-02  0.125024714185E-01
  0.324558222767E-02  0.129090090327E-01
  0.335112046497E-02  0.133287650704E-01
  0.346009054247E-02  0.137621692445E-01
  0.357260405504E-02  0.142096652291E-01
  0.368877622636E-02  0.146717111123E-01
  0.380872602687E-02  0.151487798639E-01
  0.393257629565E-02  0.156413598179E-01
  0.406045386621E-02  0.161499551699E-01
  0.419248969634E-02  0.166750864919E-01
  0.432881900229E-02  0.172172912626E-01
  0.446958139716E-02  0.177771244146E-01
  0.461492103395E-02  0.183551589005E-01
  0.476498675316E-02  0.189519862755E-01
  0.491993223518E-02  0.195682173000E-01
  0.507991615774E-02  0.202044825606E-01
  0.524510235835E-02  0.208614331116E-01
  0.541566000211E-02  0.215397411370E-01
  0.559176375496E-02  0.222401006329E-01
  0.577359396253E-02  0.229632281125E-01
  0.596133683483E-02  0.237098633336E-01
  0.615518463699E-02  0.244807700481E-01
  0.635533588607E-02  0.252767367770E-01
  0.656199555446E-02  0.260985776084E-01
  0.677537527972E-02  0.269471330222E-01
  0.699569358132E-02  0.278232707394E-01
  0.722317608446E-02  0.287278865998E-01
  0.745805575111E-02  0.296619054656E-01
  0.770057311856E-02  0.306262821551E-01
  0.795097654580E-02  0.316220024043E-01
  0.820952246781E-02  0.326500838595E-01
  0.847647565821E-02  0.337115771004E-01
  0.875210950039E-02  0.348075666948E-01
  0.903670626750E-02  0.359391722867E-01
  0.933055741149E-02  0.371075497174E-01
  0.963396386162E-02  0.383138921814E-01
  0.994723633260E-02  0.395594314176E-01
  0.102706956428E-01  0.408454389370E-01
  0.106046730429E-01  0.421732272877E-01
  0.109495105548E-01  0.435441513581E-01
  0.113055613224E-01  0.449596097196E-01
  0.116731899726E-01  0.464210460091E-01
  0.120527729895E-01  0.479299503529E-01
  0.124446990991E-01  0.494878608330E-01
  0.128493696681E-01  0.510963649956E-01
  0.132671991145E-01  0.527571014049E-01
  0.136986153320E-01  0.544717612405E-01
  0.141440601288E-01  0.562420899414E-01
  0.146039896790E-01  0.580698888968E-01
  0.150788749909E-01  0.599570171837E-01
  0.155692023884E-01  0.619053933538E-01
  0.160754740097E-01  0.639169972685E-01
  0.165982083211E-01  0.659938719846E-01
  0.171379406482E-01  0.681381256897E-01
  0.176952237242E-01  0.703519336890E-01
  0.182706282555E-01  0.726375404432E-01
  0.188647435067E-01  0.749972616582E-01
  0.194781779038E-01  0.774334864272E-01
  0.201115596571E-01  0.799486794238E-01
  0.207655374049E-01  0.825453831486E-01
  0.214407808777E-01  0.852262202259E-01
  0.221379815836E-01  0.879938957529E-01
  0.228578535172E-01  0.908511996990E-01
  0.236011338902E-01  0.938010093545E-01
  0.243685838867E-01  0.968462918285E-01
  0.251609894425E-01  0.999901065925E-01
  0.259791620502E-01  0.103235608070E+00
  0.268239395900E-01  0.106586048269E+00
  0.276961871879E-01  0.110044779452E+00
  0.285967981017E-01  0.113615256844E+00
  0.295266946357E-01  0.117301041379E+00
  0.304868290851E-01  0.121105802460E+00
  0.314781847116E-01  0.125033320759E+00
  0.325017767500E-01  0.129087491022E+00
  0.335586534479E-01  0.133272324893E+00
  0.346498971394E-01  0.137591953732E+00
  0.357766253535E-01  0.142050631435E+00
  0.369399919582E-01  0.146652737231E+00
  0.381411883427E-01  0.151402778460E+00
  0.393814446369E-01  0.156305393300E+00
  0.406620309718E-01  0.161365353452E+00
  0.419842587797E-01  0.166587566742E+00
  0.433494821373E-01  0.171977079649E+00
  0.447590991527E-01  0.177539079712E+00
  0.462145533968E-01  0.183278897816E+00
  0.477173353821E-01  0.189202010320E+00
  0.492689840885E-01  0.195314040998E+00
  0.508710885400E-01  0.201620762774E+00
  0.525252894315E-01  0.208128099204E+00
  0.542332808092E-01  0.214842125677E+00
  0.559968118056E-01  0.221769070282E+00
  0.578176884306E-01  0.228915314309E+00
  0.596977754209E-01  0.236287392319E+00
  0.616389981498E-01  0.243891991735E+00
  0.636433445991E-01  0.251735951888E+00
  0.657128673948E-01  0.259826262446E+00
  0.678496859089E-01  0.268170061159E+00
  0.700559884304E-01  0.276774630825E+00
  0.723340344058E-01  0.285647395392E+00
  0.746861567534E-01  0.294795915092E+00
  0.771147642518E-01  0.304227880494E+00
  0.796223440075E-01  0.313951105356E+00
  0.822114640011E-01  0.323973518145E+00
  0.848847757179E-01  0.334303152064E+00
  0.876450168627E-01  0.344948133445E+00
  0.904950141635E-01  0.355916668310E+00
  0.934376862666E-01  0.367217026933E+00
  0.964760467255E-01  0.378857526159E+00
  0.996132070867E-01  0.390846509288E+00
  0.102852380077E+00  0.403192323247E+00
  0.106196882891E+00  0.415903292782E+00
  0.109650140594E+00  0.428987691390E+00
  0.113215689623E+00  0.442453708655E+00
  0.116897181411E+00  0.456309413642E+00
  0.120698386127E+00  0.470562713979E+00
  0.124623196538E+00  0.485221310221E+00
  0.128675631993E+00  0.500292645051E+00
  0.132859842539E+00  0.515783846852E+00
  0.137180113174E+00  0.531701667143E+00
  0.141640868232E+00  0.548052411339E+00
  0.146246675916E+00  0.564841862253E+00
  0.151002252976E+00  0.582075195723E+00
  0.155912469538E+00  0.599756887716E+00
  0.160982354093E+00  0.617890612211E+00
  0.166217098646E+00  0.636479129127E+00
  0.171622064033E+00  0.655524161552E+00
  0.177202785411E+00  0.675026261450E+00
  0.182964977926E+00  0.694984663048E+00
  0.188914542566E+00  0.715397123036E+00
  0.195057572206E+00  0.736259746733E+00
  0.201400357845E+00  0.757566799343E+00
  0.207949395050E+00  0.779310501445E+00
  0.214711390607E+00  0.801480807872E+00
  0.221693269390E+00  0.824065169194E+00
  0.228902181453E+00  0.847048275052E+00
  0.236345509353E+00  0.870411778711E+00
  0.244030875707E+00  0.894134002310E+00
  0.251966151003E+00  0.918189622451E+00
  0.260159461655E+00  0.942549335979E+00
  0.268619198329E+00  0.967179506090E+00
  0.277354024536E+00  0.992041789196E+00
  0.286372885500E+00  0.101709274342E+01
  0.295685017324E+00  0.104228342011E+01
  0.305299956443E+00  0.106755894018E+01
  0.315227549396E+00  0.109285805819E+01
  0.325477962906E+00  0.111811271736E+01
  0.336061694292E+00  0.114324760016E+01
  0.346989582219E+00  0.116817968015E+01
  0.358272817799E+00  0.119281778178E+01
  0.369922956053E+00  0.121706215680E+01
  0.381951927739E+00  0.124080408746E+01
  0.394372051575E+00  0.126392552845E+01
  0.407196046855E+00  0.128629880209E+01
  0.420437046468E+00  0.130778636348E+01
  0.434108610358E+00  0.132824065487E+01
  0.448224739398E+00  0.134750407174E+01
  0.462799889739E+00  0.136540906579E+01
  0.477848987609E+00  0.138177841351E+01
  0.493387444598E+00  0.139642568221E+01
  0.509431173446E+00  0.140915592867E+01
  0.525996604331E+00  0.141976666884E+01
  0.543100701703E+00  0.142804915963E+01
  0.560760981651E+00  0.143379003631E+01
  0.578995529847E+00  0.143677335036E+01
  0.597823020061E+00  0.143678305272E+01
  0.617262733287E+00  0.143360596624E+01
  0.637334577491E+00  0.142703528698E+01
  0.658059107996E+00  0.141687464799E+01
  0.679457548531E+00  0.140294276881E+01
  0.701551812970E+00  0.138507869924E+01
  0.724364527770E+00  0.136314764640E+01
  0.747919055145E+00  0.133704734713E+01
  0.772239516988E+00  0.130671491436E+01
  0.797350819579E+00  0.127213404324E+01
  0.823278679085E+00  0.123334241139E+01
  0.850049647899E+00  0.119043904503E+01
  0.877691141835E+00  0.114359135080E+01
  0.906231468195E+00  0.109304143012E+01
  0.935699854770E+00  0.103911120194E+01
  0.966126479762E+00  0.982205761615E+00
  0.997542502693E+00  0.922814304615E+00
  0.102998009632E+01  0.861507848002E+00
  0.106347247956E+01  0.798932901487E+00
  0.109805395156E+01  0.735800184237E+00
  0.113375992675E+01  0.672867470690E+00
  0.117062697119E+01  0.610915698555E+00
  0.120869283993E+01  0.550717609770E+00
  0.124799651577E+01  0.492998449278E+00
  0.128857824909E+01  0.438388648594E+00
  0.133047959914E+01  0.387369004025E+00
  0.137374347656E+01  0.340209652933E+00
  0.141841418735E+01  0.296928416606E+00
  0.146453747821E+01  0.257477947017E+00
  0.151216058343E+01  0.221805972589E+00
  0.156133227322E+01  0.189805644535E+00
  0.161210290370E+01  0.161324340495E+00
  0.166452446842E+01  0.136173241267E+00
  0.171865065166E+01  0.114136542969E+00
  0.177453688334E+01  0.949800353028E-01
  0.183224039586E+01  0.784588453716E-01
  0.189182028265E+01  0.643242279618E-01
  0.195333755873E+01  0.523293569908E-01
  0.201685522316E+01  0.422341261395E-01
  0.208243832358E+01  0.338089990426E-01
  0.215015402281E+01  0.268379672460E-01
  0.222007166765E+01  0.211206845085E-01
  0.229226285988E+01  0.164738539931E-01
  0.236680152959E+01  0.127319520072E-01
  0.244376401089E+01  0.974737829060E-02
  0.252322912007E+01  0.739012719036E-02
  0.260527823637E+01  0.554707507769E-02
  0.268999538524E+01  0.412097593229E-02
  0.277746732446E+01  0.302924943394E-02
  0.286778363291E+01  0.220263548441E-02
  0.296103680241E+01  0.158377811751E-02
  0.305732233234E+01  0.112579184019E-02
  0.315673882750E+01  0.790854975382E-03
  0.325938809907E+01  0.548866943456E-03
  0.336537526888E+01  0.376198821075E-03
  0.347480887704E+01  0.254558539911E-03
  0.358780099313E+01  0.169983938396E-03
  0.370446733096E+01  0.111969084286E-03
  0.382492736704E+01  0.727224379079E-04
  0.394930446299E+01  0.465499525100E-04
  0.407772599182E+01  0.293522993593E-04
  0.421032346839E+01  0.182230327633E-04
  0.434723268411E+01  0.111334897920E-04
  0.448859384598E+01  0.669028031748E-05
  0.463455172018E+01  0.395206574847E-05
  0.478525578033E+01  0.229366486109E-05
  0.494086036055E+01  0.130711995858E-05
  0.510152481354E+01  0.731019144546E-06
  0.526741367372E+01  0.400970119243E-06
& 0 = L
  0.720276473335E-04 -0.288307263098E-03
  0.743698067378E-04 -0.297682295790E-03
  0.767881273230E-04 -0.307362181131E-03
  0.792850856606E-04 -0.317356832165E-03
  0.818632388541E-04 -0.327676484286E-03
  0.845252271579E-04 -0.338331705713E-03
  0.872737766804E-04 -0.349333408320E-03
  0.901117021766E-04 -0.360692858807E-03
  0.930419099302E-04 -0.372421690238E-03
  0.960674007299E-04 -0.384531913955E-03
  0.991912729428E-04 -0.397035931878E-03
  0.102416725687E-03 -0.409946549208E-03
  0.105747062108E-03 -0.423276987535E-03
  0.109185692761E-03 -0.437040898384E-03
  0.112736139105E-03 -0.451252377193E-03
  0.116402037106E-03 -0.465925977746E-03
  0.120187140965E-03 -0.481076727081E-03
  0.124095326959E-03 -0.496720140875E-03
  0.128130597412E-03 -0.512872239336E-03
  0.132297084793E-03 -0.529549563608E-03
  0.136599055949E-03 -0.546769192711E-03
  0.141040916476E-03 -0.564548761028E-03
  0.145627215226E-03 -0.582906476371E-03
  0.150362648969E-03 -0.601861138619E-03
  0.155252067205E-03 -0.621432158976E-03
  0.160300477124E-03 -0.641639579850E-03
  0.165513048739E-03 -0.662504095371E-03
  0.170895120180E-03 -0.684047072592E-03
  0.176452203157E-03 -0.706290573365E-03
  0.182189988609E-03 -0.729257376936E-03
  0.188114352530E-03 -0.752971003272E-03
  0.194231361986E-03 -0.777455737146E-03
  0.200547281330E-03 -0.802736653008E-03
  0.207068578615E-03 -0.828839640662E-03
  0.213801932218E-03 -0.855791431779E-03
  0.220754237684E-03 -0.883619627273E-03
  0.227932614779E-03 -0.912352725563E-03
  0.235344414789E-03 -0.942020151761E-03
  0.242997228045E-03 -0.972652287801E-03
  0.250898891697E-03 -0.100428050356E-02
  0.259057497739E-03 -0.103693718896E-02
  0.267481401296E-03 -0.107065578718E-02
  0.276179229182E-03 -0.110547082885E-02
  0.285159888732E-03 -0.114141796745E-02
  0.294432576927E-03 -0.117853401583E-02
  0.304006789809E-03 -0.121685698384E-02
  0.313892332209E-03 -0.125642611735E-02
  0.324099327787E-03 -0.129728193836E-02
  0.334638229398E-03 -0.133946628653E-02
  0.345519829797E-03 -0.138302236204E-02
  0.356755272696E-03 -0.142799476979E-02
  0.368356064168E-03 -0.147442956510E-02
  0.380334084439E-03 -0.152237430087E-02
  0.392701600048E-03 -0.157187807627E-02
  0.405471276411E-03 -0.162299158701E-02
  0.418656190792E-03 -0.167576717729E-02
  0.432269845697E-03 -0.173025889334E-02
  0.446326182698E-03 -0.178652253882E-02
  0.460839596712E-03 -0.184461573191E-02
  0.475824950743E-03 -0.190459796437E-02
  0.491297591103E-03 -0.196653066240E-02
  0.507273363128E-03 -0.203047724957E-02
  0.523768627405E-03 -0.209650321175E-02
  0.540800276525E-03 -0.216467616419E-02
  0.558385752386E-03 -0.223506592070E-02
  0.576543064051E-03 -0.230774456519E-02
  0.595290806195E-03 -0.238278652546E-02
  0.614648178144E-03 -0.246026864937E-02
  0.634635003537E-03 -0.254027028359E-02
  0.655271750632E-03 -0.262287335479E-02
  0.676579553259E-03 -0.270816245353E-02
  0.698580232471E-03 -0.279622492090E-02
  0.721296318887E-03 -0.288715093788E-02
  0.744751075763E-03 -0.298103361776E-02
  0.768968522820E-03 -0.307796910136E-02
  0.793973460840E-03 -0.317805665556E-02
  0.819791497065E-03 -0.328139877485E-02
  0.846449071420E-03 -0.338810128629E-02
  0.873973483591E-03 -0.349827345786E-02
  0.902392920980E-03 -0.361202811028E-02
  0.931736487575E-03 -0.372948173252E-02
  0.962034233753E-03 -0.385075460105E-02
  0.993317187052E-03 -0.397597090294E-02
  0.102561738395E-02 -0.410525886298E-02
  0.105896790268E-02 -0.423875087494E-02
  0.109340289707E-02 -0.437658363703E-02
  0.112895763158E-02 -0.451889829186E-02
  0.116566851735E-02 -0.466584057084E-02
  0.120357314955E-02 -0.481756094337E-02
  0.124271034582E-02 -0.497421477077E-02
  0.128312018608E-02 -0.513596246528E-02
  0.132484405354E-02 -0.530296965421E-02
  0.136792467708E-02 -0.547540734937E-02
  0.141240617503E-02 -0.565345212207E-02
  0.145833410032E-02 -0.583728628376E-02
  0.150575548716E-02 -0.602709807249E-02
  0.155471889920E-02 -0.622308184551E-02
  0.160527447925E-02 -0.642543827801E-02
  0.165747400065E-02 -0.663437456841E-02
  0.171137092026E-02 -0.685010465024E-02
  0.176702043324E-02 -0.707284941085E-02
  0.182447952955E-02 -0.730283691734E-02
  0.188380705233E-02 -0.754030264964E-02
  0.194506375815E-02 -0.778548974130E-02
  0.200831237922E-02 -0.803864922794E-02
  0.207361768767E-02 -0.830004030384E-02
  0.214104656183E-02 -0.856993058678E-02
  0.221066805476E-02 -0.884859639147E-02
  0.228255346496E-02 -0.913632301180E-02
  0.235677640936E-02 -0.943340501225E-02
  0.243341289876E-02 -0.974014652867E-02
  0.251254141560E-02 -0.100568615788E-01
  0.259424299442E-02 -0.103838743830E-01
  0.267860130475E-02 -0.107215196946E-01
  0.276570273689E-02 -0.110701431422E-01
  0.285563649031E-02 -0.114301015816E-01
  0.294849466503E-02 -0.118017634603E-01
  0.304437235594E-02 -0.121855091925E-01
  0.314336775018E-02 -0.125817315476E-01
  0.324558222767E-02 -0.129908360494E-01
  0.335112046497E-02 -0.134132413904E-01
  0.346009054247E-02 -0.138493798571E-01
  0.357260405504E-02 -0.142996977702E-01
  0.368877622636E-02 -0.147646559393E-01
  0.380872602687E-02 -0.152447301308E-01
  0.393257629565E-02 -0.157404115517E-01
  0.406045386621E-02 -0.162522073490E-01
  0.419248969634E-02 -0.167806411244E-01
  0.432881900229E-02 -0.173262534656E-01
  0.446958139716E-02 -0.178896024950E-01
  0.461492103395E-02 -0.184712644350E-01
  0.476498675316E-02 -0.190718341919E-01
  0.491993223518E-02 -0.196919259582E-01
  0.507991615774E-02 -0.203321738335E-01
  0.524510235835E-02 -0.209932324656E-01
  0.541566000211E-02 -0.216757777113E-01
  0.559176375496E-02 -0.223805073181E-01
  0.577359396253E-02 -0.231081416278E-01
  0.596133683483E-02 -0.238594243009E-01
  0.615518463699E-02 -0.246351230650E-01
  0.635533588607E-02 -0.254360304853E-01
  0.656199555446E-02 -0.262629647600E-01
  0.677537527972E-02 -0.271167705393E-01
  0.699569358132E-02 -0.279983197701E-01
  0.722317608446E-02 -0.289085125671E-01
  0.745805575111E-02 -0.298482781093E-01
  0.770057311856E-02 -0.308185755650E-01
  0.795097654580E-02 -0.318203950442E-01
  0.820952246781E-02 -0.328547585794E-01
  0.847647565821E-02 -0.339227211365E-01
  0.875210950039E-02 -0.350253716551E-01
  0.903670626750E-02 -0.361638341205E-01
  0.933055741149E-02 -0.373392686658E-01
  0.963396386162E-02 -0.385528727076E-01
  0.994723633260E-02 -0.398058821135E-01
  0.102706956428E-01 -0.410995724039E-01
  0.106046730429E-01 -0.424352599873E-01
  0.109495105548E-01 -0.438143034305E-01
  0.113055613224E-01 -0.452381047647E-01
  0.116731899726E-01 -0.467081108266E-01
  0.120527729895E-01 -0.482258146366E-01
  0.124446990991E-01 -0.497927568136E-01
  0.128493696681E-01 -0.514105270269E-01
  0.132671991145E-01 -0.530807654862E-01
  0.136986153320E-01 -0.548051644687E-01
  0.141440601288E-01 -0.565854698848E-01
  0.146039896790E-01 -0.584234828817E-01
  0.150788749909E-01 -0.603210614851E-01
  0.155692023884E-01 -0.622801222785E-01
  0.160754740097E-01 -0.643026421202E-01
  0.165982083211E-01 -0.663906598973E-01
  0.171379406482E-01 -0.685462783162E-01
  0.176952237242E-01 -0.707716657281E-01
  0.182706282555E-01 -0.730690579894E-01
  0.188647435067E-01 -0.754407603543E-01
  0.194781779038E-01 -0.778891493994E-01
  0.201115596571E-01 -0.804166749769E-01
  0.207655374049E-01 -0.830258621953E-01
  0.214407808777E-01 -0.857193134228E-01
  0.221379815836E-01 -0.884997103133E-01
  0.228578535172E-01 -0.913698158476E-01
  0.236011338902E-01 -0.943324763887E-01
  0.243685838867E-01 -0.973906237437E-01
  0.251609894425E-01 -0.100547277229E+00
  0.259791620502E-01 -0.103805545728E+00
  0.268239395900E-01 -0.107168629745E+00
  0.276961871879E-01 -0.110639823426E+00
  0.285967981017E-01 -0.114222516566E+00
  0.295266946357E-01 -0.117920196564E+00
  0.304868290851E-01 -0.121736450335E+00
  0.314781847116E-01 -0.125674966151E+00
  0.325017767500E-01 -0.129739535412E+00
  0.335586534479E-01 -0.133934054313E+00
  0.346498971394E-01 -0.138262525405E+00
  0.357766253535E-01 -0.142729059016E+00
  0.369399919582E-01 -0.147337874522E+00
  0.381411883427E-01 -0.152093301429E+00
  0.393814446369E-01 -0.156999780261E+00
  0.406620309718E-01 -0.162061863189E+00
  0.419842587797E-01 -0.167284214403E+00
  0.433494821373E-01 -0.172671610162E+00
  0.447590991527E-01 -0.178228938498E+00
  0.462145533968E-01 -0.183961198518E+00
  0.477173353821E-01 -0.189873499255E+00
  0.492689840885E-01 -0.195971058018E+00
  0.508710885400E-01 -0.202259198165E+00
  0.525252894315E-01 -0.208743346257E+00
  0.542332808092E-01 -0.215429028481E+00
  0.559968118056E-01 -0.222321866300E+00
  0.578176884306E-01 -0.229427571206E+00
  0.596977754209E-01 -0.236751938498E+00
  0.616389981498E-01 -0.244300839972E+00
  0.636433445991E-01 -0.252080215390E+00
  0.657128673948E-01 -0.260096062621E+00
  0.678496859089E-01 -0.268354426294E+00
  0.700559884304E-01 -0.276861384808E+00
  0.723340344058E-01 -0.285623035540E+00
  0.746861567534E-01 -0.294645478055E+00
  0.771147642518E-01 -0.303934795110E+00
  0.796223440075E-01 -0.313497031257E+00
  0.822114640011E-01 -0.323338168770E+00
  0.848847757179E-01 -0.333464100666E+00
  0.876450168627E-01 -0.343880600517E+00
  0.904950141635E-01 -0.354593288768E+00
  0.934376862666E-01 -0.365607595200E+00
  0.964760467255E-01 -0.376928717222E+00
  0.996132070867E-01 -0.388561573567E+00
  0.102852380077E+00 -0.400510753012E+00
  0.106196882891E+00 -0.412780457658E+00
  0.109650140594E+00 -0.425374440311E+00
  0.113215689623E+00 -0.438295935445E+00
  0.116897181411E+00 -0.451547583223E+00
  0.120698386127E+00 -0.465131345996E+00
  0.124623196538E+00 -0.479048416690E+00
  0.128675631993E+00 -0.493299118434E+00
  0.132859842539E+00 -0.507882794783E+00
  0.137180113174E+00 -0.522797689840E+00
  0.141640868232E+00 -0.538040817568E+00
  0.146246675916E+00 -0.553607819576E+00
  0.151002252976E+00 -0.569492810619E+00
  0.155912469538E+00 -0.585688211104E+00
  0.160982354093E+00 -0.602184565847E+00
  0.166217098646E+00 -0.618970348387E+00
  0.171622064033E+00 -0.636031750193E+00
  0.177202785411E+00 -0.653352454148E+00
  0.182964977926E+00 -0.670913391802E+00
  0.188914542566E+00 -0.688692483980E+00
  0.195057572206E+00 -0.706664364488E+00
  0.201400357845E+00 -0.724800086856E+00
  0.207949395050E+00 -0.743066814286E+00
  0.214711390607E+00 -0.761427493280E+00
  0.221693269390E+00 -0.779840511763E+00
  0.228902181453E+00 -0.798259342983E+00
  0.236345509353E+00 -0.816632176953E+00
  0.244030875707E+00 -0.834901541839E+00
  0.251966151003E+00 -0.853003918434E+00
  0.260159461655E+00 -0.870869351656E+00
  0.268619198329E+00 -0.888421064050E+00
  0.277354024536E+00 -0.905575077346E+00
  0.286372885500E+00 -0.922239849444E+00
  0.295685017324E+00 -0.938315935619E+00
  0.305299956443E+00 -0.953695684387E+00
  0.315227549396E+00 -0.968262980268E+00
  0.325477962906E+00 -0.981893047650E+00
  0.336061694292E+00 -0.994452332129E+00
  0.346989582219E+00 -0.100579847798E+01
  0.358272817799E+00 -0.101578042284E+01
  0.369922956053E+00 -0.102423863313E+01
  0.381951927739E+00 -0.103100550632E+01
  0.394372051575E+00 -0.103590596843E+01
  0.407196046855E+00 -0.103875829735E+01
  0.420437046468E+00 -0.103937520449E+01
  0.434108610358E+00 -0.103756520839E+01
  0.448224739398E+00 -0.103313433435E+01
  0.462799889739E+00 -0.102588817353E+01
  0.477848987609E+00 -0.101563433276E+01
  0.493387444598E+00 -0.100218530228E+01
  0.509431173446E+00 -0.985361762225E+00
  0.525996604331E+00 -0.964996339484E+00
  0.543100701703E+00 -0.940937813822E+00
  0.560760981651E+00 -0.913055755496E+00
  0.578995529847E+00 -0.881245555397E+00
  0.597823020061E+00 -0.845433782478E+00
  0.617262733287E+00 -0.805583771581E+00
  0.637334577491E+00 -0.761701307746E+00
  0.658059107996E+00 -0.713840230736E+00
  0.679457548531E+00 -0.662107736891E+00
  0.701551812970E+00 -0.606669105794E+00
  0.724364527770E+00 -0.547751529177E+00
  0.747919055145E+00 -0.485646672583E+00
  0.772239516988E+00 -0.420711561493E+00
  0.797350819579E+00 -0.353367359719E+00
  0.823278679085E+00 -0.284095607282E+00
  0.850049647899E+00 -0.213431518253E+00
  0.877691141835E+00 -0.141954018181E+00
  0.906231468195E+00 -0.702723394557E-01
  0.935699854770E+00  0.990795104518E-03
  0.966126479762E+00  0.712190719050E-01
  0.997542502693E+00  0.139824847183E+00
  0.102998009632E+01  0.206272554043E+00
  0.106347247956E+01  0.270101458857E+00
  0.109805395156E+01  0.330945321588E+00
  0.113375992675E+01  0.388545847578E+00
  0.117062697119E+01  0.442756209472E+00
  0.120869283993E+01  0.493530480026E+00
  0.124799651577E+01  0.540894702789E+00
  0.128857824909E+01  0.584895732028E+00
  0.133047959914E+01  0.625525123206E+00
  0.137374347656E+01  0.662617493136E+00
  0.141841418735E+01  0.695767083321E+00
  0.146453747821E+01  0.724699027924E+00
  0.151216058343E+01  0.749298989423E+00
  0.156133227322E+01  0.769502727095E+00
  0.161210290370E+01  0.785286040443E+00
  0.166452446842E+01  0.796661819455E+00
  0.171865065166E+01  0.803677655071E+00
  0.177453688334E+01  0.806414079418E+00
  0.183224039586E+01  0.804983323845E+00
  0.189182028265E+01  0.799528378210E+00
  0.195333755873E+01  0.790222126907E+00
  0.201685522316E+01  0.777266425457E+00
  0.208243832358E+01  0.760891003566E+00
  0.215015402281E+01  0.741352189063E+00
  0.222007166765E+01  0.718931361611E+00
  0.229226285988E+01  0.693933019635E+00
  0.236680152959E+01  0.666682235025E+00
  0.244376401089E+01  0.637521234340E+00
  0.252322912007E+01  0.606804765688E+00
  0.260527823637E+01  0.574894139796E+00
  0.268999538524E+01  0.542150081015E+00
  0.277746732446E+01  0.508924808914E+00
  0.286778363291E+01  0.475554112332E+00
  0.296103680241E+01  0.442350222597E+00
  0.305732233234E+01  0.409596184852E+00
  0.315673882750E+01  0.377542151404E+00
  0.325938809907E+01  0.346403696291E+00
  0.336537526888E+01  0.316361969071E+00
  0.347480887704E+01  0.287565308837E+00
  0.358780099313E+01  0.260131840699E+00
  0.370446733096E+01  0.234152560024E+00
  0.382492736704E+01  0.209694458011E+00
  0.394930446299E+01  0.186803340356E+00
  0.407772599182E+01  0.165506124166E+00
  0.421032346839E+01  0.145812548076E+00
  0.434723268411E+01  0.127716370762E+00
  0.448859384598E+01  0.111196236531E+00
  0.463455172018E+01  0.962164336778E-01
  0.478525578033E+01  0.827277585867E-01
  0.494086036055E+01  0.706686395879E-01
  0.510152481354E+01  0.599665930664E-01
  0.526741367372E+01  0.505400040262E-01
& 1 = L
  0.720276473335E-04  0.281122686275E-07
  0.743698067378E-04  0.299702758801E-07
  0.767881273230E-04  0.319510832868E-07
  0.792850856606E-04  0.340628070040E-07
  0.818632388541E-04  0.363140996044E-07
  0.845252271579E-04  0.387141855300E-07
  0.872737766804E-04  0.412728988881E-07
  0.901117021766E-04  0.440007237457E-07
  0.930419099302E-04  0.469088370869E-07
  0.960674007299E-04  0.500091546095E-07
  0.991912729428E-04  0.533143795481E-07
  0.102416725687E-03  0.568380547246E-07
  0.105747062108E-03  0.605946180383E-07
  0.109185692761E-03  0.645994616237E-07
  0.112736139105E-03  0.688689949184E-07
  0.116402037106E-03  0.734207118989E-07
  0.120187140965E-03  0.782732627602E-07
  0.124095326959E-03  0.834465303335E-07
  0.128130597412E-03  0.889617115536E-07
  0.132297084793E-03  0.948414043113E-07
  0.136599055949E-03  0.101109700046E-06
  0.141040916476E-03  0.107792282457E-06
  0.145627215226E-03  0.114916532743E-06
  0.150362648969E-03  0.122511641787E-06
  0.155252067205E-03  0.130608729772E-06
  0.160300477124E-03  0.139240973684E-06
  0.165513048739E-03  0.148443743256E-06
  0.170895120180E-03  0.158254745892E-06
  0.176452203157E-03  0.168714181168E-06
  0.182189988609E-03  0.179864905542E-06
  0.188114352530E-03  0.191752607961E-06
  0.194231361986E-03  0.204425997061E-06
  0.200547281330E-03  0.217937000748E-06
  0.207068578615E-03  0.232340978965E-06
  0.213801932218E-03  0.247696950526E-06
  0.220754237684E-03  0.264067834937E-06
  0.227932614779E-03  0.281520710201E-06
  0.235344414789E-03  0.300127087669E-06
  0.242997228045E-03  0.319963205042E-06
  0.250898891697E-03  0.341110338749E-06
  0.259057497739E-03  0.363655136974E-06
  0.267481401296E-03  0.387689974678E-06
  0.276179229182E-03  0.413313332102E-06
  0.285159888732E-03  0.440630198275E-06
  0.294432576927E-03  0.469752501199E-06
  0.304006789809E-03  0.500799566454E-06
  0.313892332209E-03  0.533898606130E-06
  0.324099327787E-03  0.569185240056E-06
  0.334638229398E-03  0.606804051491E-06
  0.345519829797E-03  0.646909179536E-06
  0.356755272696E-03  0.689664950699E-06
  0.368356064168E-03  0.735246552207E-06
  0.380334084439E-03  0.783840749811E-06
  0.392701600048E-03  0.835646653038E-06
  0.405471276411E-03  0.890876531017E-06
  0.418656190792E-03  0.949756682225E-06
  0.432269845697E-03  0.101252836172E-05
  0.446326182698E-03  0.107944876964E-05
  0.460839596712E-03  0.115079210508E-05
  0.475824950743E-03  0.122685068953E-05
  0.491297591103E-03  0.130793616470E-05
  0.507273363128E-03  0.139438076935E-05
  0.523768627405E-03  0.148653870066E-05
  0.540800276525E-03  0.158478756545E-05
  0.558385752386E-03  0.168952992741E-05
  0.576543064051E-03  0.180119495652E-05
  0.595290806195E-03  0.192024018755E-05
  0.614648178144E-03  0.204715339467E-05
  0.634635003537E-03  0.218245459011E-05
  0.655271750632E-03  0.232669815477E-05
  0.676579553259E-03  0.248047510974E-05
  0.698580232471E-03  0.264441553788E-05
  0.721296318887E-03  0.281919116553E-05
  0.744751075763E-03  0.300551811473E-05
  0.768968522820E-03  0.320415983745E-05
  0.793973460840E-03  0.341593024368E-05
  0.819791497065E-03  0.364169703626E-05
  0.846449071420E-03  0.388238526615E-05
  0.873973483591E-03  0.413898112261E-05
  0.902392920980E-03  0.441253597396E-05
  0.931736487575E-03  0.470417067527E-05
  0.962034233753E-03  0.501508016086E-05
  0.993317187052E-03  0.534653834028E-05
  0.102561738395E-02  0.569990331780E-05
  0.105896790268E-02  0.607662295697E-05
  0.109340289707E-02  0.647824081284E-05
  0.112895763158E-02  0.690640245628E-05
  0.116566851735E-02  0.736286221622E-05
  0.120357314955E-02  0.784949036757E-05
  0.124271034582E-02  0.836828079405E-05
  0.128312018608E-02  0.892135915754E-05
  0.132484405354E-02  0.951099160728E-05
  0.136792467708E-02  0.101395940646E-04
  0.141240617503E-02  0.108097421215E-04
  0.145833410032E-02  0.115241815928E-04
  0.150575548716E-02  0.122858397663E-04
  0.155471889920E-02  0.130978373961E-04
  0.160527447925E-02  0.139635014886E-04
  0.165747400065E-02  0.148863789334E-04
  0.171137092026E-02  0.158702510346E-04
  0.176702043324E-02  0.169191490034E-04
  0.182447952955E-02  0.180373704734E-04
  0.188380705233E-02  0.192294971082E-04
  0.194506375815E-02  0.205004133715E-04
  0.200831237922E-02  0.218553265386E-04
  0.207361768767E-02  0.232997880299E-04
  0.214104656183E-02  0.248397161535E-04
  0.221066805476E-02  0.264814203517E-04
  0.228255346496E-02  0.282316270488E-04
  0.235677640936E-02  0.300975072073E-04
  0.243341289876E-02  0.320867057045E-04
  0.251254141560E-02  0.342073726507E-04
  0.259424299442E-02  0.364681967765E-04
  0.267860130475E-02  0.388784410255E-04
  0.276570273689E-02  0.414479804997E-04
  0.285563649031E-02  0.441873429113E-04
  0.294849466503E-02  0.471077517071E-04
  0.304437235594E-02  0.502211720421E-04
  0.314336775018E-02  0.535403597905E-04
  0.324558222767E-02  0.570789137941E-04
  0.335112046497E-02  0.608513315630E-04
  0.346009054247E-02  0.648730686554E-04
  0.357260405504E-02  0.691606019793E-04
  0.368877622636E-02  0.737314972773E-04
  0.380872602687E-02  0.786044810667E-04
  0.393257629565E-02  0.837995173331E-04
  0.406045386621E-02  0.893378892887E-04
  0.419248969634E-02  0.952422865295E-04
  0.432881900229E-02  0.101536897950E-03
  0.446958139716E-02  0.108247510792E-03
  0.461492103395E-02  0.115401616236E-03
  0.476498675316E-02  0.123028521962E-03
  0.491993223518E-02  0.131159472145E-03
  0.507991615774E-02  0.139827775371E-03
  0.524510235835E-02  0.149068941000E-03
  0.541566000211E-02  0.158920824525E-03
  0.559176375496E-02  0.169423782533E-03
  0.577359396253E-02  0.180620837886E-03
  0.596133683483E-02  0.192557855812E-03
  0.615518463699E-02  0.205283731605E-03
  0.635533588607E-02  0.218850590720E-03
  0.656199555446E-02  0.233314002061E-03
  0.677537527972E-02  0.248733205344E-03
  0.699569358132E-02  0.265171353453E-03
  0.722317608446E-02  0.282695770784E-03
  0.745805575111E-02  0.301378228613E-03
  0.770057311856E-02  0.321295238633E-03
  0.795097654580E-02  0.342528365832E-03
  0.820952246781E-02  0.365164561989E-03
  0.847647565821E-02  0.389296521155E-03
  0.875210950039E-02  0.415023058543E-03
  0.903670626750E-02  0.442449514382E-03
  0.933055741149E-02  0.471688184363E-03
  0.963396386162E-02  0.502858778422E-03
  0.994723633260E-02  0.536088909723E-03
  0.102706956428E-01  0.571514615816E-03
  0.106046730429E-01  0.609280914072E-03
  0.109495105548E-01  0.649542393654E-03
  0.113055613224E-01  0.692463846395E-03
  0.116731899726E-01  0.738220939140E-03
  0.120527729895E-01  0.787000930250E-03
  0.124446990991E-01  0.839003433160E-03
  0.128493696681E-01  0.894441230047E-03
  0.132671991145E-01  0.953541138885E-03
  0.136986153320E-01  0.101654493735E-02
  0.141440601288E-01  0.108371034728E-02
  0.146039896790E-01  0.115531208362E-02
  0.150788749909E-01  0.123164297202E-02
  0.155692023884E-01  0.131301513956E-02
  0.160754740097E-01  0.139976128333E-02
  0.165982083211E-01  0.149223602186E-02
  0.171379406482E-01  0.159081733474E-02
  0.176952237242E-01  0.169590809624E-02
  0.182706282555E-01  0.180793770872E-02
  0.188647435067E-01  0.192736384251E-02
  0.194781779038E-01  0.205467428887E-02
  0.201115596571E-01  0.219038893335E-02
  0.207655374049E-01  0.233506185716E-02
  0.214407808777E-01  0.248928357482E-02
  0.221379815836E-01  0.265368341655E-02
  0.228578535172E-01  0.282893206466E-02
  0.236011338902E-01  0.301574425364E-02
  0.243685838867E-01  0.321488164417E-02
  0.251609894425E-01  0.342715588204E-02
  0.259791620502E-01  0.365343185334E-02
  0.268239395900E-01  0.389463114829E-02
  0.276961871879E-01  0.415173574649E-02
  0.285967981017E-01  0.442579193717E-02
  0.295266946357E-01  0.471791448897E-02
  0.304868290851E-01  0.502929108425E-02
  0.314781847116E-01  0.536118703405E-02
  0.325017767500E-01  0.571495029047E-02
  0.335586534479E-01  0.609201677426E-02
  0.346498971394E-01  0.649391603626E-02
  0.357766253535E-01  0.692227727223E-02
  0.369399919582E-01  0.737883571165E-02
  0.381411883427E-01  0.786543940201E-02
  0.393814446369E-01  0.838405641108E-02
  0.406620309718E-01  0.893678247068E-02
  0.419842587797E-01  0.952584908643E-02
  0.433494821373E-01  0.101536321390E-01
  0.447590991527E-01  0.108226610035E-01
  0.462145533968E-01  0.115356282136E-01
  0.477173353821E-01  0.122953997005E-01
  0.492689840885E-01  0.131050256330E-01
  0.508710885400E-01  0.139677518921E-01
  0.525252894315E-01  0.148870322074E-01
  0.542332808092E-01  0.158665409878E-01
  0.559968118056E-01  0.169101868787E-01
  0.578176884306E-01  0.180221270751E-01
  0.596977754209E-01  0.192067824240E-01
  0.616389981498E-01  0.204688533450E-01
  0.636433445991E-01  0.218133366021E-01
  0.657128673948E-01  0.232455429525E-01
  0.678496859089E-01  0.247711157024E-01
  0.700559884304E-01  0.263960501937E-01
  0.723340344058E-01  0.281267142434E-01
  0.746861567534E-01  0.299698695560E-01
  0.771147642518E-01  0.319326941206E-01
  0.796223440075E-01  0.340228056026E-01
  0.822114640011E-01  0.362482857308E-01
  0.848847757179E-01  0.386177056730E-01
  0.876450168627E-01  0.411401523841E-01
  0.904950141635E-01  0.438252558978E-01
  0.934376862666E-01  0.466832175201E-01
  0.964760467255E-01  0.497248388666E-01
  0.996132070867E-01  0.529615516675E-01
  0.102852380077E+00  0.564054482402E-01
  0.106196882891E+00  0.600693125075E-01
  0.109650140594E+00  0.639666514071E-01
  0.113215689623E+00  0.681117265070E-01
  0.116897181411E+00  0.725195856017E-01
  0.120698386127E+00  0.772060940210E-01
  0.124623196538E+00  0.821879653323E-01
  0.128675631993E+00  0.874827910623E-01
  0.132859842539E+00  0.931090689970E-01
  0.137180113174E+00  0.990862295493E-01
  0.141640868232E+00  0.105434659598E+00
  0.146246675916E+00  0.112175723114E+00
  0.151002252976E+00  0.119331777778E+00
  0.155912469538E+00  0.126926186699E+00
  0.160982354093E+00  0.134983324172E+00
  0.166217098646E+00  0.143528574333E+00
  0.171622064033E+00  0.152588321349E+00
  0.177202785411E+00  0.162189929643E+00
  0.182964977926E+00  0.172361712462E+00
  0.188914542566E+00  0.183132886865E+00
  0.195057572206E+00  0.194533513016E+00
  0.201400357845E+00  0.206594415382E+00
  0.207949395050E+00  0.219347083214E+00
  0.214711390607E+00  0.232823547382E+00
  0.221693269390E+00  0.247056230355E+00
  0.228902181453E+00  0.262077765807E+00
  0.236345509353E+00  0.277920784025E+00
  0.244030875707E+00  0.294617658949E+00
  0.251966151003E+00  0.312200212404E+00
  0.260159461655E+00  0.330699370747E+00
  0.268619198329E+00  0.350144768889E+00
  0.277354024536E+00  0.370564296414E+00
  0.286372885500E+00  0.391983580349E+00
  0.295685017324E+00  0.414425399018E+00
  0.305299956443E+00  0.437909021447E+00
  0.315227549396E+00  0.462449466926E+00
  0.325477962906E+00  0.488056679679E+00
  0.336061694292E+00  0.514734614139E+00
  0.346989582219E+00  0.542480227199E+00
  0.358272817799E+00  0.571282374975E+00
  0.369922956053E+00  0.601120613246E+00
  0.381951927739E+00  0.631963902851E+00
  0.394372051575E+00  0.663769224014E+00
  0.407196046855E+00  0.696480106958E+00
  0.420437046468E+00  0.730025090367E+00
  0.434108610358E+00  0.764316124309E+00
  0.448224739398E+00  0.799246940326E+00
  0.462799889739E+00  0.834691418563E+00
  0.477848987609E+00  0.870501990172E+00
  0.493387444598E+00  0.906508122789E+00
  0.509431173446E+00  0.942514947721E+00
  0.525996604331E+00  0.978302099420E+00
  0.543100701703E+00  0.101362285087E+01
  0.560760981651E+00  0.104820364224E+01
  0.578995529847E+00  0.108174411421E+01
  0.597823020061E+00  0.111391777124E+01
  0.617262733287E+00  0.114437341237E+01
  0.637334577491E+00  0.117273747768E+01
  0.658059107996E+00  0.119861746443E+01
  0.679457548531E+00  0.122160656742E+01
  0.701551812970E+00  0.124128969017E+01
  0.724364527770E+00  0.125725095417E+01
  0.747919055145E+00  0.126908279978E+01
  0.772239516988E+00  0.127639671994E+01
  0.797350819579E+00  0.127883559329E+01
  0.823278679085E+00  0.127608748147E+01
  0.850049647899E+00  0.126790062349E+01
  0.877691141835E+00  0.125409919415E+01
  0.906231468195E+00  0.123459919253E+01
  0.935699854770E+00  0.120942359224E+01
  0.966126479762E+00  0.117871562117E+01
  0.997542502693E+00  0.114274875784E+01
  0.102998009632E+01  0.110193175024E+01
  0.106347247956E+01  0.105680671075E+01
  0.109805395156E+01  0.100803815608E+01
  0.113375992675E+01  0.956390797759E+00
  0.117062697119E+01  0.902694013303E+00
  0.120869283993E+01  0.847791323228E+00
  0.124799651577E+01  0.792473956024E+00
  0.128857824909E+01  0.737398798909E+00
  0.133047959914E+01  0.682991602013E+00
  0.137374347656E+01  0.629463184691E+00
  0.141841418735E+01  0.577190768860E+00
  0.146453747821E+01  0.526574887272E+00
  0.151216058343E+01  0.477953077099E+00
  0.156133227322E+01  0.431600427892E+00
  0.161210290370E+01  0.387731543925E+00
  0.166452446842E+01  0.346503737545E+00
  0.171865065166E+01  0.308021182789E+00
  0.177453688334E+01  0.272339706344E+00
  0.183224039586E+01  0.239471904685E+00
  0.189182028265E+01  0.209392343587E+00
  0.195333755873E+01  0.182042684211E+00
  0.201685522316E+01  0.157336652437E+00
  0.208243832358E+01  0.135164809783E+00
  0.215015402281E+01  0.115399098017E+00
  0.222007166765E+01  0.978971269828E-01
  0.229226285988E+01  0.825061695017E-01
  0.236680152959E+01  0.690668258277E-01
  0.244376401089E+01  0.574163280486E-01
  0.252322912007E+01  0.473914711371E-01
  0.260527823637E+01  0.388311780416E-01
  0.268999538524E+01  0.315787221643E-01
  0.277746732446E+01  0.254836351816E-01
  0.286778363291E+01  0.204033186369E-01
  0.296103680241E+01  0.162043609290E-01
  0.305732233234E+01  0.127635473042E-01
  0.315673882750E+01  0.996854712159E-02
  0.325938809907E+01  0.771827151316E-02
  0.336537526888E+01  0.592291165587E-02
  0.347480887704E+01  0.450368671345E-02
  0.358780099313E+01  0.339234612484E-02
  0.370446733096E+01  0.253048046592E-02
  0.382492736704E+01  0.186869818781E-02
  0.394930446299E+01  0.136572310997E-02
  0.407772599182E+01  0.987461197330E-03
  0.421032346839E+01  0.706076519289E-03
  0.434723268411E+01  0.499106823811E-03
  0.448859384598E+01  0.348640014673E-03
  0.463455172018E+01  0.240564788126E-03
  0.478525578033E+01  0.163902175752E-03
  0.494086036055E+01  0.110219809837E-03
  0.510152481354E+01  0.731271850956E-04
  0.526741367372E+01  0.478477386400E-04
& 2 = L
  0.720276473335E-04  0.128049998301E-11
  0.743698067378E-04  0.140952196202E-11
  0.767881273230E-04  0.155154407475E-11
  0.792850856606E-04  0.170787620248E-11
  0.818632388541E-04  0.187996020890E-11
  0.845252271579E-04  0.206938323853E-11
  0.872737766804E-04  0.227789235509E-11
  0.901117021766E-04  0.250741065479E-11
  0.930419099302E-04  0.276005500321E-11
  0.960674007299E-04  0.303815555933E-11
  0.991912729428E-04  0.334427726672E-11
  0.102416725687E-03  0.368124351029E-11
  0.105747062108E-03  0.405216215655E-11
  0.109185692761E-03  0.446045421770E-11
  0.112736139105E-03  0.490988540391E-11
  0.116402037106E-03  0.540460085478E-11
  0.120187140965E-03  0.594916337025E-11
  0.124095326959E-03  0.654859549369E-11
  0.128130597412E-03  0.720842583521E-11
  0.132297084793E-03  0.793474006244E-11
  0.136599055949E-03  0.873423702915E-11
  0.141040916476E-03  0.961429055929E-11
  0.145627215226E-03  0.105830174563E-10
  0.150362648969E-03  0.116493523652E-10
  0.155252067205E-03  0.128231301772E-10
  0.160300477124E-03  0.141151767379E-10
  0.165513048739E-03  0.155374086949E-10
  0.170895120180E-03  0.171029434058E-10
  0.176452203157E-03  0.188262199209E-10
  0.182189988609E-03  0.207231321554E-10
  0.188114352530E-03  0.228111754800E-10
  0.194231361986E-03  0.251096080827E-10
  0.200547281330E-03  0.276396285879E-10
  0.207068578615E-03  0.304245715734E-10
  0.213801932218E-03  0.334901227865E-10
  0.220754237684E-03  0.368645560459E-10
  0.227932614779E-03  0.405789940134E-10
  0.235344414789E-03  0.446676952401E-10
  0.242997228045E-03  0.491683701358E-10
  0.250898891697E-03  0.541225287749E-10
  0.259057497739E-03  0.595758637468E-10
  0.267481401296E-03  0.655786715823E-10
  0.276179229182E-03  0.721863166416E-10
  0.285159888732E-03  0.794597417442E-10
  0.294432576927E-03  0.874660302490E-10
  0.304006789809E-03  0.962790247683E-10
  0.313892332209E-03  0.105980008224E-09
  0.324099327787E-03  0.116658453526E-09
  0.334638229398E-03  0.128412848785E-09
  0.345519829797E-03  0.141351605679E-09
  0.356755272696E-03  0.155594059336E-09
  0.368356064168E-03  0.171271568977E-09
  0.380334084439E-03  0.188528729443E-09
  0.392701600048E-03  0.207524704809E-09
  0.405471276411E-03  0.228434696361E-09
  0.418656190792E-03  0.251451558489E-09
  0.432269845697E-03  0.276787577397E-09
  0.446326182698E-03  0.304676429029E-09
  0.460839596712E-03  0.335375334277E-09
  0.475824950743E-03  0.369167431344E-09
  0.491297591103E-03  0.406364387146E-09
  0.507273363128E-03  0.447309271830E-09
  0.523768627405E-03  0.492379722930E-09
  0.540800276525E-03  0.541991428337E-09
  0.558385752386E-03  0.596601960210E-09
  0.576543064051E-03  0.656714995185E-09
  0.595290806195E-03  0.722884959808E-09
  0.614648178144E-03  0.795722144036E-09
  0.634635003537E-03  0.875898329965E-09
  0.655271750632E-03  0.964152987703E-09
  0.676579553259E-03  0.106130009553E-08
  0.698580232471E-03  0.116823564724E-08
  0.721296318887E-03  0.128594591594E-08
  0.744751075763E-03  0.141551655044E-08
  0.768968522820E-03  0.155814258824E-08
  0.793973460840E-03  0.171513947738E-08
  0.819791497065E-03  0.188795520884E-08
  0.846449071420E-03  0.207818367135E-08
  0.873973483591E-03  0.228757935190E-08
  0.902392920980E-03  0.251807351728E-08
  0.931736487575E-03  0.277179202624E-08
  0.962034233753E-03  0.305107493622E-08
  0.993317187052E-03  0.335849808565E-08
  0.102561738395E-02  0.369689685089E-08
  0.105896790268E-02  0.406939229681E-08
  0.109340289707E-02  0.447941996224E-08
  0.112895763158E-02  0.493076154584E-08
  0.116566851735E-02  0.542757978448E-08
  0.120357314955E-02  0.597445684592E-08
  0.124271034582E-02  0.657643658984E-08
  0.128312018608E-02  0.723907108693E-08
  0.132484405354E-02  0.796847182518E-08
  0.136792467708E-02  0.877136607550E-08
  0.141240617503E-02  0.965515893658E-08
  0.145833410032E-02  0.106280016312E-07
  0.150575548716E-02  0.116988666838E-07
  0.155471889920E-02  0.128776306727E-07
  0.160527447925E-02  0.141751653201E-07
  0.165747400065E-02  0.156034377602E-07
  0.171137092026E-02  0.171756209092E-07
  0.176702043324E-02  0.189062149566E-07
  0.182447952955E-02  0.208111810966E-07
  0.188380705233E-02  0.229080887343E-07
  0.194506375815E-02  0.252162775232E-07
  0.200831237922E-02  0.277570357289E-07
  0.207361768767E-02  0.305537965635E-07
  0.214104656183E-02  0.336323543017E-07
  0.221066805476E-02  0.370211021714E-07
  0.228255346496E-02  0.407512942122E-07
  0.235677640936E-02  0.448573335173E-07
  0.243341289876E-02  0.493770895163E-07
  0.251254141560E-02  0.543522472250E-07
  0.259424299442E-02  0.598286916824E-07
  0.267860130475E-02  0.658569311203E-07
  0.276570273689E-02  0.724925627676E-07
  0.285563649031E-02  0.797967855840E-07
  0.294849466503E-02  0.878369646518E-07
  0.304437235594E-02  0.966872524292E-07
  0.314336775018E-02  0.106429272593E-06
  0.324558222767E-02  0.117152872779E-06
  0.335112046497E-02  0.128956953154E-06
  0.346009054247E-02  0.141950378467E-06
  0.357260405504E-02  0.156252981984E-06
  0.368877622636E-02  0.171996670561E-06
  0.380872602687E-02  0.189326641050E-06
  0.393257629565E-02  0.208402719237E-06
  0.406045386621E-02  0.229400833683E-06
  0.419248969634E-02  0.252514638022E-06
  0.432881900229E-02  0.277957296697E-06
  0.446958139716E-02  0.305963450579E-06
  0.461492103395E-02  0.336791380598E-06
  0.476498675316E-02  0.370725389324E-06
  0.491993223518E-02  0.408078422442E-06
  0.507991615774E-02  0.449194954304E-06
  0.524510235835E-02  0.494454164120E-06
  0.541566000211E-02  0.544273432093E-06
  0.559176375496E-02  0.599112187681E-06
  0.577359396253E-02  0.659476145482E-06
  0.596133683483E-02  0.725921967739E-06
  0.615518463699E-02  0.799062396446E-06
  0.635533588607E-02  0.879571902329E-06
  0.656199555446E-02  0.968192902736E-06
  0.677537527972E-02  0.106574260573E-05
  0.699569358132E-02  0.117312054338E-05
  0.722317608446E-02  0.129131686372E-05
  0.745805575111E-02  0.142142145762E-05
  0.770057311856E-02  0.156463400472E-05
  0.795097654580E-02  0.172227503081E-05
  0.820952246781E-02  0.189579807859E-05
  0.847647565821E-02  0.208680310372E-05
  0.875210950039E-02  0.229705121950E-05
  0.903670626750E-02  0.252848092587E-05
  0.933055741149E-02  0.278322597206E-05
  0.963396386162E-02  0.306363501721E-05
  0.994723633260E-02  0.337229326980E-05
  0.102706956428E-01  0.371204630491E-05
  0.106046730429E-01  0.408602627828E-05
  0.109495105548E-01  0.449768077819E-05
  0.113055613224E-01  0.495080458027E-05
  0.116731899726E-01  0.544957459711E-05
  0.120527729895E-01  0.599858834366E-05
  0.124446990991E-01  0.660290627172E-05
  0.128493696681E-01  0.726809836224E-05
  0.132671991145E-01  0.800029540299E-05
  0.136986153320E-01  0.880624542225E-05
  0.141440601288E-01  0.969337579600E-05
  0.146039896790E-01  0.106698615983E-04
  0.150788749909E-01  0.117447008211E-04
  0.155692023884E-01  0.129277971527E-04
  0.160754740097E-01  0.142300510735E-04
  0.165982083211E-01  0.156634601013E-04
  0.171379406482E-01  0.172412291056E-04
  0.176952237242E-01  0.189778916978E-04
  0.182706282555E-01  0.208894438067E-04
  0.188647435067E-01  0.229934906613E-04
  0.194781779038E-01  0.253094085190E-04
  0.201115596571E-01  0.278585226183E-04
  0.207655374049E-01  0.306643029742E-04
  0.214407808777E-01  0.337525798022E-04
  0.221379815836E-01  0.371517805291E-04
  0.228578535172E-01  0.408931905465E-04
  0.236011338902E-01  0.450112400752E-04
  0.243685838867E-01  0.495438197417E-04
  0.251609894425E-01  0.545326277292E-04
  0.259791620502E-01  0.600235516431E-04
  0.268239395900E-01  0.660670885457E-04
  0.276961871879E-01  0.727188069510E-04
  0.285967981017E-01  0.800398549446E-04
  0.295266946357E-01  0.880975190052E-04
  0.304868290851E-01  0.969658385465E-04
  0.314781847116E-01  0.106726281697E-03
  0.325017767500E-01  0.117468488363E-03
  0.335586534479E-01  0.129291087229E-03
  0.346498971394E-01  0.142302593958E-03
  0.357766253535E-01  0.156622398610E-03
  0.369399919582E-01  0.172381851030E-03
  0.381411883427E-01  0.189725453805E-03
  0.393814446369E-01  0.208812173341E-03
  0.406620309718E-01  0.229816880589E-03
  0.419842587797E-01  0.252931934054E-03
  0.433494821373E-01  0.278368918946E-03
  0.447590991527E-01  0.306360557598E-03
  0.462145533968E-01  0.337162807749E-03
  0.477173353821E-01  0.371057166810E-03
  0.492689840885E-01  0.408353201932E-03
  0.508710885400E-01  0.449391327534E-03
  0.525252894315E-01  0.494545853932E-03
  0.542332808092E-01  0.544228332884E-03
  0.559968118056E-01  0.598891228203E-03
  0.578176884306E-01  0.659031942123E-03
  0.596977754209E-01  0.725197230837E-03
  0.616389981498E-01  0.797988045597E-03
  0.636433445991E-01  0.878064838921E-03
  0.657128673948E-01  0.966153378904E-03
  0.678496859089E-01  0.106305111826E-02
  0.700559884304E-01  0.116963416868E-02
  0.723340344058E-01  0.128686493529E-02
  0.746861567534E-01  0.141580047038E-02
  0.771147642518E-01  0.155760161044E-02
  0.796223440075E-01  0.171354296536E-02
  0.822114640011E-01  0.188502383421E-02
  0.848847757179E-01  0.207358012706E-02
  0.876450168627E-01  0.228089737862E-02
  0.904950141635E-01  0.250882494494E-02
  0.934376862666E-01  0.275939148085E-02
  0.964760467255E-01  0.303482180171E-02
  0.996132070867E-01  0.333755523963E-02
  0.102852380077E+00  0.367026561023E-02
  0.106196882891E+00  0.403588291207E-02
  0.109650140594E+00  0.443761688665E-02
  0.113215689623E+00  0.487898257198E-02
  0.116897181411E+00  0.536382798719E-02
  0.120698386127E+00  0.589636408921E-02
  0.124623196538E+00  0.648119714469E-02
  0.128675631993E+00  0.712336366107E-02
  0.132859842539E+00  0.782836801881E-02
  0.137180113174E+00  0.860222294299E-02
  0.141640868232E+00  0.945149294492E-02
  0.146246675916E+00  0.103833408527E-01
  0.151002252976E+00  0.114055775338E-01
  0.155912469538E+00  0.125267148907E-01
  0.160982354093E+00  0.137560221808E-01
  0.166217098646E+00  0.151035856757E-01
  0.171622064033E+00  0.165803716260E-01
  0.177202785411E+00  0.181982924419E-01
  0.182964977926E+00  0.199702759247E-01
  0.188914542566E+00  0.219103372987E-01
  0.195057572206E+00  0.240336536864E-01
  0.201400357845E+00  0.263566405444E-01
  0.207949395050E+00  0.288970294247E-01
  0.214711390607E+00  0.316739462538E-01
  0.221693269390E+00  0.347079891081E-01
  0.228902181453E+00  0.380213042296E-01
  0.236345509353E+00  0.416376587416E-01
  0.244030875707E+00  0.455825082060E-01
  0.251966151003E+00  0.498830567983E-01
  0.260159461655E+00  0.545683074618E-01
  0.268619198329E+00  0.596690989351E-01
  0.277354024536E+00  0.652181260323E-01
  0.286372885500E+00  0.712499389771E-01
  0.295685017324E+00  0.778009169700E-01
  0.305299956443E+00  0.849092104890E-01
  0.315227549396E+00  0.926146461055E-01
  0.325477962906E+00  0.100958586847E+00
  0.336061694292E+00  0.109983740369E+00
  0.346989582219E+00  0.119733906434E+00
  0.358272817799E+00  0.130253654480E+00
  0.369922956053E+00  0.141587921400E+00
  0.381951927739E+00  0.153781519151E+00
  0.394372051575E+00  0.166878541482E+00
  0.407196046855E+00  0.180921659036E+00
  0.420437046468E+00  0.195951292417E+00
  0.434108610358E+00  0.212004653662E+00
  0.448224739398E+00  0.229114648033E+00
  0.462799889739E+00  0.247308630350E+00
  0.477848987609E+00  0.266607013376E+00
  0.493387444598E+00  0.287021730235E+00
  0.509431173446E+00  0.308554558766E+00
  0.525996604331E+00  0.331195323240E+00
  0.543100701703E+00  0.354919998230E+00
  0.560760981651E+00  0.379688750811E+00
  0.578995529847E+00  0.405443970757E+00
  0.597823020061E+00  0.432108353980E+00
  0.617262733287E+00  0.459583122050E+00
  0.637334577491E+00  0.487746479686E+00
  0.658059107996E+00  0.516452432154E+00
  0.679457548531E+00  0.545530104194E+00
  0.701551812970E+00  0.574783720042E+00
  0.724364527770E+00  0.603993417906E+00
  0.747919055145E+00  0.632917079034E+00
  0.772239516988E+00  0.661293347351E+00
  0.797350819579E+00  0.688845996016E+00
  0.823278679085E+00  0.715289756364E+00
  0.850049647899E+00  0.740337656573E+00
  0.877691141835E+00  0.763709815119E+00
  0.906231468195E+00  0.785143491482E+00
  0.935699854770E+00  0.804404008179E+00
  0.966126479762E+00  0.821295921415E+00
  0.997542502693E+00  0.835673534084E+00
  0.102998009632E+01  0.847449523033E+00
  0.106347247956E+01  0.856600110986E+00
  0.109805395156E+01  0.863164884031E+00
  0.113375992675E+01  0.867239087140E+00
  0.117062697119E+01  0.868956091855E+00
  0.120869283993E+01  0.868457813627E+00
  0.124799651577E+01  0.865851274349E+00
  0.128857824909E+01  0.861150388078E+00
  0.133047959914E+01  0.854200397075E+00
  0.137374347656E+01  0.844745680814E+00
  0.141841418735E+01  0.832870853486E+00
  0.146453747821E+01  0.818775822785E+00
  0.151216058343E+01  0.802658632722E+00
  0.156133227322E+01  0.784712448129E+00
  0.161210290370E+01  0.765123282205E+00
  0.166452446842E+01  0.744068630052E+00
  0.171865065166E+01  0.721717041053E+00
  0.177453688334E+01  0.698228491431E+00
  0.183224039586E+01  0.673755308683E+00
  0.189182028265E+01  0.648443375574E+00
  0.195333755873E+01  0.622433395607E+00
  0.201685522316E+01  0.595862113129E+00
  0.208243832358E+01  0.568863415511E+00
  0.215015402281E+01  0.541569333872E+00
  0.222007166765E+01  0.514110889198E+00
  0.229226285988E+01  0.486618716522E+00
  0.236680152959E+01  0.459223322811E+00
  0.244376401089E+01  0.432054818283E+00
  0.252322912007E+01  0.405241910711E+00
  0.260527823637E+01  0.378910108800E+00
  0.268999538524E+01  0.353179226815E+00
  0.277746732446E+01  0.328160447738E+00
  0.286778363291E+01  0.303953392139E+00
  0.296103680241E+01  0.280643634593E+00
  0.305732233234E+01  0.258301041127E+00
  0.315673882750E+01  0.236979061868E+00
  0.325938809907E+01  0.216715124500E+00
  0.336537526888E+01  0.197531796637E+00
  0.347480887704E+01  0.179438618940E+00
  0.358780099313E+01  0.162434273757E+00
  0.370446733096E+01  0.146508823755E+00
  0.382492736704E+01  0.131645780271E+00
  0.394930446299E+01  0.117823819119E+00
  0.407772599182E+01  0.105018036378E+00
  0.421032346839E+01  0.932007199310E-01
  0.434723268411E+01  0.823416917318E-01
  0.448859384598E+01  0.724083363348E-01
  0.463455172018E+01  0.633654619137E-01
  0.478525578033E+01  0.551751375995E-01
  0.494086036055E+01  0.477966217554E-01
  0.510152481354E+01  0.411864519280E-01
  0.526741367372E+01  0.352987216446E-01
& 3 = L
  0.720276473335E-04  0.924878513461E-16
  0.743698067378E-04  0.105117345100E-15
  0.767881273230E-04  0.119471434137E-15
  0.792850856606E-04  0.135785617117E-15
  0.818632388541E-04  0.154327550750E-15
  0.845252271579E-04  0.175401441075E-15
  0.872737766804E-04  0.199353034375E-15
  0.901117021766E-04  0.226575289626E-15
  0.930419099302E-04  0.257514825531E-15
  0.960674007299E-04  0.292679247918E-15
  0.991912729428E-04  0.332645477711E-15
  0.102416725687E-03  0.378069216117E-15
  0.105747062108E-03  0.429695702309E-15
  0.109185692761E-03  0.488371940105E-15
  0.112736139105E-03  0.555060594232E-15
  0.116402037106E-03  0.630855784172E-15
  0.120187140965E-03  0.717001034701E-15
  0.124095326959E-03  0.814909677632E-15
  0.128130597412E-03  0.926188039472E-15
  0.132297084793E-03  0.105266179542E-14
  0.136599055949E-03  0.119640592211E-14
  0.141040916476E-03  0.135977874043E-14
  0.145627215226E-03  0.154546060706E-14
  0.150362648969E-03  0.175649788941E-14
  0.155252067205E-03  0.199635294548E-14
  0.160300477124E-03  0.226896092861E-14
  0.165513048739E-03  0.257879434913E-14
  0.170895120180E-03  0.293093645202E-14
  0.176452203157E-03  0.333116461456E-14
  0.182189988609E-03  0.378604513220E-14
  0.188114352530E-03  0.430304094764E-14
  0.194231361986E-03  0.489063409074E-14
  0.200547281330E-03  0.555846483788E-14
  0.207068578615E-03  0.631748987394E-14
  0.213801932218E-03  0.718016205189E-14
  0.220754237684E-03  0.816063469892E-14
  0.227932614779E-03  0.927499382128E-14
  0.235344414789E-03  0.105415220174E-13
  0.242997228045E-03  0.119809984289E-13
  0.250898891697E-03  0.136170396512E-13
  0.259057497739E-03  0.154764871964E-13
  0.267481401296E-03  0.175898478645E-13
  0.276179229182E-03  0.199917942501E-13
  0.285159888732E-03  0.227217335937E-13
  0.294432576927E-03  0.258244543115E-13
  0.304006789809E-03  0.293508608111E-13
  0.313892332209E-03  0.333588086476E-13
  0.324099327787E-03  0.379140537242E-13
  0.334638229398E-03  0.430913311070E-13
  0.345519829797E-03  0.489755811570E-13
  0.356755272696E-03  0.556633430922E-13
  0.368356064168E-03  0.632643388464E-13
  0.380334084439E-03  0.719032732070E-13
  0.392701600048E-03  0.817218797675E-13
  0.405471276411E-03  0.928812462611E-13
  0.418656190792E-03  0.105564457424E-12
  0.432269845697E-03  0.119979598752E-12
  0.446326182698E-03  0.136363170423E-12
  0.460839596712E-03  0.154983967407E-12
  0.475824950743E-03  0.176147489414E-12
  0.491297591103E-03  0.200200953027E-12
  0.507273363128E-03  0.227538988268E-12
  0.523768627405E-03  0.258610113031E-12
  0.540800276525E-03  0.293924091628E-12
  0.558385752386E-03  0.334060298164E-12
  0.576543064051E-03  0.379677221946E-12
  0.595290806195E-03  0.431523270889E-12
  0.614648178144E-03  0.490449050156E-12
  0.634635003537E-03  0.557421317473E-12
  0.655271750632E-03  0.633538844089E-12
  0.676579553259E-03  0.720050441585E-12
  0.698580232471E-03  0.818375450292E-12
  0.721296318887E-03  0.930127025461E-12
  0.744751075763E-03  0.105713860321E-11
  0.768968522820E-03  0.120149398049E-11
  0.793973460840E-03  0.136556150247E-11
  0.819791497065E-03  0.155203291844E-11
  0.846449071420E-03  0.176396754341E-11
  0.873973483591E-03  0.200484245021E-11
  0.902392920980E-03  0.227860951538E-11
  0.931736487575E-03  0.258976025483E-11
  0.962034233753E-03  0.294339951298E-11
  0.993317187052E-03  0.334532921423E-11
  0.102561738395E-02  0.380214355102E-11
  0.105896790268E-02  0.432133716987E-11
  0.109340289707E-02  0.491142813058E-11
  0.112895763158E-02  0.558209765567E-11
  0.116566851735E-02  0.634434896293E-11
  0.120357314955E-02  0.721068778685E-11
  0.124271034582E-02  0.819532755052E-11
  0.128312018608E-02  0.931442255424E-11
  0.132484405354E-02  0.105863330063E-10
  0.136792467708E-02  0.120319262441E-10
  0.141240617503E-02  0.136749190879E-10
  0.145833410032E-02  0.155422669423E-10
  0.150575548716E-02  0.176646060319E-10
  0.155471889920E-02  0.200767560227E-10
  0.160527447925E-02  0.228182912785E-10
  0.165747400065E-02  0.259341901219E-10
  0.171137092026E-02  0.294755727533E-10
  0.176702043324E-02  0.335005399324E-10
  0.182447952955E-02  0.380751261824E-10
  0.188380705233E-02  0.432743831545E-10
  0.194506375815E-02  0.491836109258E-10
  0.200831237922E-02  0.558997574313E-10
  0.207361768767E-02  0.635330089874E-10
  0.214104656183E-02  0.722085980008E-10
  0.221066805476E-02  0.820688575190E-10
  0.228255346496E-02  0.932755563272E-10
  0.235677640936E-02  0.106012552900E-09
  0.243341289876E-02  0.120488811748E-09
  0.251254141560E-02  0.136941831636E-09
  0.259424299442E-02  0.155641541923E-09
  0.267860130475E-02  0.176894730935E-09
  0.276570273689E-02  0.201050079020E-09
  0.285563649031E-02  0.228503878849E-09
  0.294849466503E-02  0.259706536807E-09
  0.304437235594E-02  0.295169962120E-09
  0.314336775018E-02  0.335475964931E-09
  0.324558222767E-02  0.381285801099E-09
  0.335112046497E-02  0.433351020280E-09
  0.346009054247E-02  0.492525795252E-09
  0.357260405504E-02  0.559780934722E-09
  0.368877622636E-02  0.636219809479E-09
  0.380872602687E-02  0.723096453143E-09
  0.393257629565E-02  0.821836134403E-09
  0.406045386621E-02  0.934058738200E-09
  0.419248969634E-02  0.106160533937E-08
  0.432881900229E-02  0.120656840461E-08
  0.446958139716E-02  0.137132611819E-08
  0.461492103395E-02  0.155858139429E-08
  0.476498675316E-02  0.177140621608E-08
  0.491993223518E-02  0.201329202844E-08
  0.507991615774E-02  0.228820701105E-08
  0.524510235835E-02  0.260066117115E-08
  0.541566000211E-02  0.295578032331E-08
  0.559176375496E-02  0.335939016978E-08
  0.577359396253E-02  0.381811185992E-08
  0.596133683483E-02  0.433947059617E-08
  0.615518463699E-02  0.493201906725E-08
  0.635533588607E-02  0.560547773271E-08
  0.656199555446E-02  0.637089425926E-08
  0.677537527972E-02  0.724082472294E-08
  0.699569358132E-02  0.822953954827E-08
  0.722317608446E-02  0.935325756081E-08
  0.745805575111E-02  0.106304119905E-07
  0.770057311856E-02  0.120819527861E-07
  0.795097654580E-02  0.137316901979E-07
  0.820952246781E-02  0.156066852589E-07
  0.847647565821E-02  0.177376935671E-07
  0.875210950039E-02  0.201596696406E-07
  0.903670626750E-02  0.229123401135E-07
  0.933055741149E-02  0.260408551651E-07
  0.963396386162E-02  0.295965288569E-07
  0.994723633260E-02  0.336376805104E-07
  0.102706956428E-01  0.382305909085E-07
  0.106046730429E-01  0.434505889884E-07
  0.109495105548E-01  0.493832868254E-07
  0.113055613224E-01  0.561259831376E-07
  0.116731899726E-01  0.637892582976E-07
  0.120527729895E-01  0.724987869711E-07
  0.124446990991E-01  0.823973980632E-07
  0.128493696681E-01  0.936474156965E-07
  0.132671991145E-01  0.106433319543E-06
  0.136986153320E-01  0.120964768053E-06
  0.141440601288E-01  0.137480034052E-06
  0.146039896790E-01  0.156249908919E-06
  0.150788749909E-01  0.177582139220E-06
  0.155692023884E-01  0.201826468354E-06
  0.160754740097E-01  0.229380365652E-06
  0.165982083211E-01  0.260695536613E-06
  0.171379406482E-01  0.296285320652E-06
  0.176952237242E-01  0.336733097290E-06
  0.182706282555E-01  0.382701838072E-06
  0.188647435067E-01  0.434944960249E-06
  0.194781779038E-01  0.494318659416E-06
  0.201115596571E-01  0.561795922398E-06
  0.207655374049E-01  0.638482449034E-06
  0.214407808777E-01  0.725634742535E-06
  0.221379815836E-01  0.824680663367E-06
  0.228578535172E-01  0.937242781632E-06
  0.236011338902E-01  0.106516490835E-05
  0.243685838867E-01  0.121054223761E-05
  0.251609894425E-01  0.137575559023E-05
  0.259791620502E-01  0.156351031569E-05
  0.268239395900E-01  0.177688048497E-05
  0.276961871879E-01  0.201935909209E-05
  0.285967981017E-01  0.229491507940E-05
  0.295266946357E-01  0.260805811191E-05
  0.304868290851E-01  0.296391215055E-05
  0.314781847116E-01  0.336829901643E-05
  0.325017767500E-01  0.382783329838E-05
  0.335586534479E-01  0.435003013854E-05
  0.346498971394E-01  0.494342763737E-05
  0.357766253535E-01  0.561772585320E-05
  0.369399919582E-01  0.638394463727E-05
  0.381411883427E-01  0.725460284550E-05
  0.393814446369E-01  0.824392180881E-05
  0.406620309718E-01  0.936805632965E-05
  0.419842587797E-01  0.106453569091E-04
  0.433494821373E-01  0.120966674030E-04
  0.447590991527E-01  0.137456628652E-04
  0.462145533968E-01  0.156192329695E-04
  0.477173353821E-01  0.177479171159E-04
  0.492689840885E-01  0.201663981386E-04
  0.508710885400E-01  0.229140624456E-04
  0.525252894315E-01  0.260356354537E-04
  0.542332808092E-01  0.295819023510E-04
  0.559968118056E-01  0.336105255326E-04
  0.578176884306E-01  0.381869715450E-04
  0.596977754209E-01  0.433855620469E-04
  0.616389981498E-01  0.492906651835E-04
  0.636433445991E-01  0.559980458974E-04
  0.657128673948E-01  0.636163960931E-04
  0.678496859089E-01  0.722690682614E-04
  0.700559884304E-01  0.820960391974E-04
  0.723340344058E-01  0.932561338401E-04
  0.746861567534E-01  0.105929543073E-03
  0.771147642518E-01  0.120320673594E-03
  0.796223440075E-01  0.136661372746E-03
  0.822114640011E-01  0.155214576539E-03
  0.848847757179E-01  0.176278435074E-03
  0.876450168627E-01  0.200190976231E-03
  0.904950141635E-01  0.227335375890E-03
  0.934376862666E-01  0.258145911217E-03
  0.964760467255E-01  0.293114682666E-03
  0.996132070867E-01  0.332799200495E-03
  0.102852380077E+00  0.377830942773E-03
  0.106196882891E+00  0.428925004181E-03
  0.109650140594E+00  0.486890968485E-03
  0.113215689623E+00  0.552645152371E-03
  0.116897181411E+00  0.627224384579E-03
  0.120698386127E+00  0.711801501854E-03
  0.124623196538E+00  0.807702762358E-03
  0.128675631993E+00  0.916427397679E-03
  0.132859842539E+00  0.103966954658E-02
  0.137180113174E+00  0.117934283695E-02
  0.141640868232E+00  0.133760790710E-02
  0.146246675916E+00  0.151690318300E-02
  0.151002252976E+00  0.171997925470E-02
  0.155912469538E+00  0.194993722167E-02
  0.160982354093E+00  0.221027140345E-02
  0.166217098646E+00  0.250491683738E-02
  0.171622064033E+00  0.283830200896E-02
  0.177202785411E+00  0.321540728069E-02
  0.182964977926E+00  0.364182950083E-02
  0.188914542566E+00  0.412385328279E-02
  0.195057572206E+00  0.466852944549E-02
  0.201400357845E+00  0.528376109298E-02
  0.207949395050E+00  0.597839778367E-02
  0.214711390607E+00  0.676233819156E-02
  0.221693269390E+00  0.764664158869E-02
  0.228902181453E+00  0.864364837304E-02
  0.236345509353E+00  0.976710972259E-02
  0.244030875707E+00  0.110323262647E-01
  0.251966151003E+00  0.124562954011E-01
  0.260159461655E+00  0.140578666113E-01
  0.268619198329E+00  0.158579036552E-01
  0.277354024536E+00  0.178794521007E-01
  0.286372885500E+00  0.201479099875E-01
  0.295685017324E+00  0.226911986991E-01
  0.305299956443E+00  0.255399302177E-01
  0.315227549396E+00  0.287275658733E-01
  0.325477962906E+00  0.322905604420E-01
  0.336061694292E+00  0.362684839780E-01
  0.346989582219E+00  0.407041120704E-01
  0.358272817799E+00  0.456434732751E-01
  0.369922956053E+00  0.511358402845E-01
  0.381951927739E+00  0.572336489705E-01
  0.394372051575E+00  0.639923267706E-01
  0.407196046855E+00  0.714700090460E-01
  0.420437046468E+00  0.797271190651E-01
  0.434108610358E+00  0.888257842705E-01
  0.448224739398E+00  0.988290586085E-01
  0.462799889739E+00  0.109799918142E+00
  0.477848987609E+00  0.121799995192E+00
  0.493387444598E+00  0.134888015212E+00
  0.509431173446E+00  0.149117900937E+00
  0.525996604331E+00  0.164536510624E+00
  0.543100701703E+00  0.181180982045E+00
  0.560760981651E+00  0.199075662186E+00
  0.578995529847E+00  0.218228615126E+00
  0.597823020061E+00  0.238627718475E+00
  0.617262733287E+00  0.260236383003E+00
  0.637334577491E+00  0.282988961808E+00
  0.658059107996E+00  0.306785955583E+00
  0.679457548531E+00  0.331489169810E+00
  0.701551812970E+00  0.356917038517E+00
  0.724364527770E+00  0.382840396892E+00
  0.747919055145E+00  0.408979060103E+00
  0.772239516988E+00  0.434999645027E+00
  0.797350819579E+00  0.460515149937E+00
  0.823278679085E+00  0.485086876976E+00
  0.850049647899E+00  0.508229332257E+00
  0.877691141835E+00  0.529418754164E+00
  0.906231468195E+00  0.548105883196E+00
  0.935699854770E+00  0.563733473988E+00
  0.966126479762E+00  0.575758836425E+00
  0.997542502693E+00  0.583681351093E+00
  0.102998009632E+01  0.587074409673E+00
  0.106347247956E+01  0.585620565056E+00
  0.109805395156E+01  0.579147834762E+00
  0.113375992675E+01  0.567664104452E+00
  0.117062697119E+01  0.551385481462E+00
  0.120869283993E+01  0.530753357052E+00
  0.124799651577E+01  0.506434019913E+00
  0.128857824909E+01  0.479294167530E+00
  0.133047959914E+01  0.450345910080E+00
  0.137374347656E+01  0.420656246541E+00
  0.141841418735E+01  0.391218941624E+00
  0.146453747821E+01  0.362791639965E+00
  0.151216058343E+01  0.335715632796E+00
  0.156133227322E+01  0.309997539030E+00
  0.161210290370E+01  0.285633539649E+00
  0.166452446842E+01  0.262612999305E+00
  0.171865065166E+01  0.240916059867E+00
  0.177453688334E+01  0.220515323756E+00
  0.183224039586E+01  0.201377463018E+00
  0.189182028265E+01  0.183464663234E+00
  0.195333755873E+01  0.166735855972E+00
  0.201685522316E+01  0.151147741189E+00
  0.208243832358E+01  0.136655614786E+00
  0.215015402281E+01  0.123214038699E+00
  0.222007166765E+01  0.110777368615E+00
  0.229226285988E+01  0.993001558686E-01
  0.236680152959E+01  0.887374056917E-01
  0.244376401089E+01  0.790447055729E-01
  0.252322912007E+01  0.701782256157E-01
  0.260527823637E+01  0.620945934248E-01
  0.268999538524E+01  0.547507057791E-01
  0.277746732446E+01  0.481035395864E-01
  0.286778363291E+01  0.421100304293E-01
  0.296103680241E+01  0.367270691148E-01
  0.305732233234E+01  0.319116354522E-01
  0.315673882750E+01  0.276210559321E-01
  0.325938809907E+01  0.238133481696E-01
  0.336537526888E+01  0.204476044994E-01
  0.347480887704E+01  0.174843681092E-01
  0.358780099313E+01  0.148859639852E-01
  0.370446733096E+01  0.126167592610E-01
  0.382492736704E+01  0.106433403847E-01
  0.394930446299E+01  0.893460612506E-02
  0.407772599182E+01  0.746178485949E-02
  0.421032346839E+01  0.619839121029E-02
  0.434723268411E+01  0.512014042971E-02
  0.448859384598E+01  0.420483888337E-02
  0.463455172018E+01  0.343226602809E-02
  0.478525578033E+01  0.278405853305E-02
  0.494086036055E+01  0.224360203314E-02
  0.510152481354E+01  0.179593163022E-02
  0.526741367372E+01  0.142763935757E-02
&