& Sm  5  355 a ! ELEMENT  LDIM  NMAX
& T T T T T
& 0.0 0.0 0.0 0.0 0.0
& 0 = L
  0.618016550919E-04  0.263029155840E-03
  0.638112907392E-04  0.271582207705E-03
  0.658862747243E-04  0.280413383469E-03
  0.680287320122E-04  0.289531727026E-03
  0.702408566663E-04  0.298946576355E-03
  0.725249140956E-04  0.308667573083E-03
  0.748832433745E-04  0.318704672359E-03
  0.773182596381E-04  0.329068153046E-03
  0.798324565561E-04  0.339768628252E-03
  0.824284088857E-04  0.350817056197E-03
  0.851087751089E-04  0.362224751433E-03
  0.878763001550E-04  0.374003396435E-03
  0.907338182115E-04  0.386165053560E-03
  0.936842556266E-04  0.398722177404E-03
  0.967306339059E-04  0.411687627557E-03
  0.998760728071E-04  0.425074681766E-03
  0.103123793534E-03  0.438897049542E-03
  0.106477122038E-03  0.453168886190E-03
  0.109939492419E-03  0.467904807312E-03
  0.113514450447E-03  0.483119903774E-03
  0.117205657191E-03  0.498829757156E-03
  0.121016892771E-03  0.515050455712E-03
  0.124952060223E-03  0.531798610848E-03
  0.129015189505E-03  0.549091374128E-03
  0.133210441614E-03  0.566946454842E-03
  0.137542112856E-03  0.585382138141E-03
  0.142014639240E-03  0.604417303763E-03
  0.146632601025E-03  0.624071445368E-03
  0.151400727407E-03  0.644364690498E-03
  0.156323901363E-03  0.665317821192E-03
  0.161407164655E-03  0.686952295269E-03
  0.166655722988E-03  0.709290268300E-03
  0.172074951345E-03  0.732354616299E-03
  0.177670399488E-03  0.756168959148E-03
  0.183447797646E-03  0.780757684788E-03
  0.189413062379E-03  0.806145974193E-03
  0.195572302640E-03  0.832359827155E-03
  0.201931826028E-03  0.859426088916E-03
  0.208498145252E-03  0.887372477650E-03
  0.215277984797E-03  0.916227612859E-03
  0.222278287809E-03  0.946021044672E-03
  0.229506223212E-03  0.976783284115E-03
  0.236969193043E-03  0.100854583435E-02
  0.244674840035E-03  0.104134122293E-02
  0.252631055444E-03  0.107520303514E-02
  0.260845987130E-03  0.111016594836E-02
  0.269328047900E-03  0.114626576756E-02
  0.278085924126E-03  0.118353946203E-02
  0.287128584640E-03  0.122202520317E-02
  0.296465289914E-03  0.126176240365E-02
  0.306105601551E-03  0.130279175768E-02
  0.316059392074E-03  0.134515528279E-02
  0.326336855032E-03  0.138889636275E-02
  0.336948515447E-03  0.143405979210E-02
  0.347905240586E-03  0.148069182195E-02
  0.359218251092E-03  0.152884020735E-02
  0.370899132478E-03  0.157855425623E-02
  0.382959846986E-03  0.162988487989E-02
  0.395412745842E-03  0.168288464507E-02
  0.408270581902E-03  0.173760782788E-02
  0.421546522715E-03  0.179411046930E-02
  0.435254164004E-03  0.185245043261E-02
  0.449407543591E-03  0.191268746262E-02
  0.464021155774E-03  0.197488324686E-02
  0.479109966168E-03  0.203910147877E-02
  0.494689427035E-03  0.210540792289E-02
  0.510775493103E-03  0.217387048222E-02
  0.527384637910E-03  0.224455926775E-02
  0.544533870671E-03  0.231754667025E-02
  0.562240753699E-03  0.239290743440E-02
  0.580523420390E-03  0.247071873535E-02
  0.599400593793E-03  0.255106025771E-02
  0.618891605781E-03  0.263401427716E-02
  0.639016416855E-03  0.271966574470E-02
  0.659795636580E-03  0.280810237365E-02
  0.681250544693E-03  0.289941472942E-02
  0.703403112894E-03  0.299369632230E-02
  0.726276027350E-03  0.309104370318E-02
  0.749892711922E-03  0.319155656239E-02
  0.774277352160E-03  0.329533783183E-02
  0.799454920067E-03  0.340249379030E-02
  0.825451199671E-03  0.351313417237E-02
  0.852292813436E-03  0.362737228070E-02
  0.880007249518E-03  0.374532510205E-02
  0.908622889923E-03  0.386711342709E-02
  0.938169039566E-03  0.399286197402E-02
  0.968675956287E-03  0.412269951628E-02
  0.100017488183E-02  0.425675901443E-02
  0.103269807386E-02  0.439517775218E-02
  0.106627883896E-02  0.453809747703E-02
  0.110095156676E-02  0.468566454531E-02
  0.113675176517E-02  0.483803007206E-02
  0.117371609673E-02  0.499535008568E-02
  0.121188241613E-02  0.515778568769E-02
  0.125128980902E-02  0.532550321762E-02
  0.129197863203E-02  0.549867442326E-02
  0.133399055405E-02  0.567747663648E-02
  0.137736859897E-02  0.586209295474E-02
  0.142215718969E-02  0.605271242847E-02
  0.146840219365E-02  0.624953025456E-02
  0.151615096977E-02  0.645274797614E-02
  0.156545241698E-02  0.666257368883E-02
  0.161635702425E-02  0.687922225367E-02
  0.166891692236E-02  0.710291551704E-02
  0.172318593724E-02  0.733388253757E-02
  0.177921964509E-02  0.757235982060E-02
  0.183707542934E-02  0.781859156009E-02
  0.189681253936E-02  0.807282988845E-02
  0.195849215117E-02  0.833533513448E-02
  0.202217743009E-02  0.860637608968E-02
  0.208793359540E-02  0.888623028310E-02
  0.215582798716E-02  0.917518426527E-02
  0.222593013517E-02  0.947353390119E-02
  0.229831183015E-02  0.978158467288E-02
  0.237304719728E-02  0.100996519917E-01
  0.245021277211E-02  0.104280615209E-01
  0.252988757893E-02  0.107671495084E-01
  0.261215321169E-02  0.111172631305E-01
  0.269709391761E-02  0.114787608468E-01
  0.278479668339E-02  0.118520127663E-01
  0.287535132431E-02  0.122374010257E-01
  0.296885057626E-02  0.126353201798E-01
  0.306539019062E-02  0.130461776041E-01
  0.316506903241E-02  0.134703939114E-01
  0.326798918146E-02  0.139084033808E-01
  0.337425603700E-02  0.143606544011E-01
  0.348397842559E-02  0.148276099285E-01
  0.359726871252E-02  0.153097479589E-01
  0.371424291697E-02  0.158075620157E-01
  0.383502083072E-02  0.163215616525E-01
  0.395972614093E-02  0.168522729734E-01
  0.408848655673E-02  0.174002391689E-01
  0.422143394003E-02  0.179660210690E-01
  0.435870444057E-02  0.185501977150E-01
  0.450043863533E-02  0.191533669489E-01
  0.464678167253E-02  0.197761460217E-01
  0.479788342022E-02  0.204191722217E-01
  0.495389861979E-02  0.210831035224E-01
  0.511498704444E-02  0.217686192514E-01
  0.528131366280E-02  0.224764207806E-01
  0.545304880784E-02  0.232072322383E-01
  0.563036835138E-02  0.239618012445E-01
  0.581345388412E-02  0.247408996685E-01
  0.600249290164E-02  0.255453244120E-01
  0.619767899641E-02  0.263758982159E-01
  0.639921205606E-02  0.272334704932E-01
  0.660729846804E-02  0.281189181882E-01
  0.682215133102E-02  0.290331466625E-01
  0.704399067312E-02  0.299770906094E-01
  0.727304367720E-02  0.309517149964E-01
  0.750954491356E-02  0.319580160380E-01
  0.775373658013E-02  0.329970221983E-01
  0.800586875051E-02  0.340697952252E-01
  0.826619963007E-02  0.351774312165E-01
  0.853499582040E-02  0.363210617193E-01
  0.881253259227E-02  0.375018548634E-01
  0.909909416759E-02  0.387210165292E-01
  0.939497401045E-02  0.399797915520E-01
  0.970047512768E-02  0.412794649624E-01
  0.100159103791E-01  0.426213632654E-01
  0.103416027980E-01  0.440068557568E-01
  0.106778859218E-01  0.454373558808E-01
  0.110251041340E-01  0.469143226274E-01
  0.113836130161E-01  0.484392619710E-01
  0.117537797128E-01  0.500137283527E-01
  0.121359833069E-01  0.516393262055E-01
  0.125306152085E-01  0.533177115236E-01
  0.129380795550E-01  0.550505934781E-01
  0.133587936256E-01  0.568397360781E-01
  0.137931882682E-01  0.586869598795E-01
  0.142417083409E-01  0.605941437421E-01
  0.147048131674E-01  0.625632266347E-01
  0.151829770076E-01  0.645962094907E-01
  0.156766895430E-01  0.666951571140E-01
  0.161864563783E-01  0.688622001348E-01
  0.167127995595E-01  0.710995370187E-01
  0.172562581078E-01  0.734094361261E-01
  0.178173885724E-01  0.757942378247E-01
  0.183967655998E-01  0.782563566548E-01
  0.189949825228E-01  0.807982835470E-01
  0.196126519678E-01  0.834225880920E-01
  0.202504064822E-01  0.861319208636E-01
  0.209088991824E-01  0.889290157929E-01
  0.215888044225E-01  0.918166925942E-01
  0.222908184848E-01  0.947978592408E-01
  0.230156602931E-01  0.978755144899E-01
  0.237640721488E-01  0.101052750455E+00
  0.245368204910E-01  0.104332755225E+00
  0.253346966815E-01  0.107718815523E+00
  0.261585178152E-01  0.111214319409E+00
  0.270091275571E-01  0.114822759021E+00
  0.278873970057E-01  0.118547733342E+00
  0.287942255858E-01  0.122392951005E+00
  0.297305419690E-01  0.126362233116E+00
  0.306973050252E-01  0.130459516094E+00
  0.316955048042E-01  0.134688854527E+00
  0.327261635498E-01  0.139054424025E+00
  0.337903367467E-01  0.143560524070E+00
  0.348891142011E-01  0.148211580851E+00
  0.360236211572E-01  0.153012150069E+00
  0.371950194493E-01  0.157966919705E+00
  0.384045086916E-01  0.163080712732E+00
  0.396533275067E-01  0.168358489756E+00
  0.409427547943E-01  0.173805351572E+00
  0.422741110405E-01  0.179426541607E+00
  0.436487596705E-01  0.185227448234E+00
  0.450681084447E-01  0.191213606935E+00
  0.465336109001E-01  0.197390702268E+00
  0.480467678394E-01  0.203764569634E+00
  0.496091288676E-01  0.210341196786E+00
  0.512222939787E-01  0.217126725050E+00
  0.528879151949E-01  0.224127450221E+00
  0.546076982578E-01  0.231349823084E+00
  0.563834043756E-01  0.238800449498E+00
  0.582168520265E-01  0.246486090005E+00
  0.601099188211E-01  0.254413658885E+00
  0.620645434253E-01  0.262590222596E+00
  0.640827275454E-01  0.271022997513E+00
  0.661665379783E-01  0.279719346901E+00
  0.683181087280E-01  0.288686776999E+00
  0.705396431910E-01  0.297932932142E+00
  0.728334164127E-01  0.307465588794E+00
  0.752017774173E-01  0.317292648364E+00
  0.776471516134E-01  0.327422128687E+00
  0.801720432779E-01  0.337862154005E+00
  0.827790381206E-01  0.348620943291E+00
  0.854708059318E-01  0.359706796749E+00
  0.882501033171E-01  0.371128080277E+00
  0.911197765199E-01  0.382893207697E+00
  0.940827643363E-01  0.395010620520E+00
  0.971421011247E-01  0.407488764979E+00
  0.100300919913E+00  0.420336066084E+00
  0.103562455609E+00  0.433560898373E+00
  0.106930048308E+00  0.447171553064E+00
  0.110407146722E+00  0.461176201233E+00
  0.113997311701E+00  0.475582852662E+00
  0.117704219889E+00  0.490399309942E+00
  0.121531667484E+00  0.505633117385E+00
  0.125483574126E+00  0.521291504281E+00
  0.129563986913E+00  0.537381321994E+00
  0.133777084545E+00  0.553908974349E+00
  0.138127181601E+00  0.570880340732E+00
  0.142618732962E+00  0.588300691285E+00
  0.147256338367E+00  0.606174593556E+00
  0.152044747131E+00  0.624505809884E+00
  0.156988863003E+00  0.643297184827E+00
  0.162093749188E+00  0.662550521845E+00
  0.167364633538E+00  0.682266448459E+00
  0.172806913897E+00  0.702444269062E+00
  0.178426163636E+00  0.723081804557E+00
  0.184228137359E+00  0.744175217942E+00
  0.190218776792E+00  0.765718825019E+00
  0.196404216876E+00  0.787704889354E+00
  0.202790792040E+00  0.810123400686E+00
  0.209385042696E+00  0.832961835998E+00
  0.216193721933E+00  0.856204902543E+00
  0.223223802433E+00  0.879834262219E+00
  0.230482483613E+00  0.903828236798E+00
  0.237977198996E+00  0.928161493717E+00
  0.245715623827E+00  0.952804712314E+00
  0.253705682928E+00  0.977724230719E+00
  0.261955558819E+00  0.100288167390E+01
  0.270473700092E+00  0.102823356381E+01
  0.279268830070E+00  0.105373091311E+01
  0.288349955733E+00  0.107931880448E+01
  0.297726376949E+00  0.110493595830E+01
  0.307407695991E+00  0.113051429236E+01
  0.317403827376E+00  0.115597847814E+01
  0.327725008016E+00  0.118124549958E+01
  0.338381807703E+00  0.120622422128E+01
  0.349385139930E+00  0.123081497489E+01
  0.360746273072E+00  0.125490917401E+01
  0.372476841920E+00  0.127838897001E+01
  0.384588859603E+00  0.130112696319E+01
  0.397094729886E+00  0.132298598626E+01
  0.410007259871E+00  0.134381897975E+01
  0.423339673119E+00  0.136346898169E+01
  0.437105623186E+00  0.138176925701E+01
  0.451319207607E+00  0.139854359532E+01
  0.465994982334E+00  0.141360680868E+01
  0.481147976645E+00  0.142676546441E+01
  0.496793708528E+00  0.143781889066E+01
  0.512948200580E+00  0.144656049518E+01
  0.529627996414E+00  0.145277943963E+01
  0.546850177597E+00  0.145626271263E+01
  0.564632381148E+00  0.145679764449E+01
  0.582992817598E+00  0.145417490460E+01
  0.601950289637E+00  0.144819201770E+01
  0.621524211373E+00  0.143865742806E+01
  0.641734628214E+00  0.142539512923E+01
  0.662602237391E+00  0.140824986139E+01
  0.684148409161E+00  0.138709285683E+01
  0.706395208685E+00  0.136182808618E+01
  0.729365418631E+00  0.133239892270E+01
  0.753082562501E+00  0.129879509772E+01
  0.777570928722E+00  0.126105976719E+01
  0.802855595522E+00  0.121929644584E+01
  0.828962456609E+00  0.117367549255E+01
  0.855918247689E+00  0.112443974776E+01
  0.883750573849E+00  0.107190883402E+01
  0.912487937823E+00  0.101648153580E+01
  0.942159769182E+00  0.958635580352E+00
  0.972796454474E+00  0.898924054648E+00
  0.100442936834E+01  0.837967623369E+00
  0.103709090566E+01  0.776441674664E+00
  0.107081451468E+01  0.715057529242E+00
  0.110563473135E+01  0.654536927014E+00
  0.114158721459E+01  0.595579178608E+00
  0.117870878289E+01  0.538820665682E+00
  0.121703745200E+01  0.484786825221E+00
  0.125661247380E+01  0.433837389568E+00
  0.129747437658E+01  0.386113028631E+00
  0.133966500650E+01  0.341663169458E+00
  0.138322757046E+01  0.300567467836E+00
  0.142820668032E+01  0.262853500629E+00
  0.147464839863E+01  0.228496493272E+00
  0.152260028575E+01  0.197425197965E+00
  0.157211144862E+01  0.169528187148E+00
  0.162323259099E+01  0.144660643804E+00
  0.167601606538E+01  0.122651562310E+00
  0.173051592668E+01  0.103311007155E+00
  0.178678798750E+01  0.864369331263E-01
  0.184488987537E+01  0.718211710981E-01
  0.190488109168E+01  0.592544298077E-01
  0.196682307268E+01  0.485303715926E-01
  0.203077925238E+01  0.394489005599E-01
  0.209681512749E+01  0.318187900261E-01
  0.216499832452E+01  0.254597319999E-01
  0.223539866903E+01  0.202038622677E-01
  0.230808825711E+01  0.158967993620E-01
  0.238314152925E+01  0.123982355444E-01
  0.246063534657E+01  0.958212466932E-02
  0.254064906951E+01  0.733651881800E-02
  0.262326463911E+01  0.556311232452E-02
  0.270856666092E+01  0.417655387900E-02
  0.279664249169E+01  0.310358570432E-02
  0.288758232875E+01  0.228206304732E-02
  0.298147930244E+01  0.165989976320E-02
  0.307842957148E+01  0.119397879602E-02
  0.317853242140E+01  0.849060794604E-03
  0.328189036628E+01  0.596719805849E-03
  0.338860925367E+01  0.414330938300E-03
  0.349879837306E+01  0.284130352999E-03
  0.361257056771E+01  0.192362599049E-03
  0.373004235031E+01  0.128524598816E-03
  0.385133402223E+01  0.847099553997E-04
  0.397656979673E+01  0.550522710480E-04
  0.410587792619E+01  0.352621691945E-04
  0.423939083344E+01  0.222498587154E-04
  0.437724524735E+01  0.138233487221E-04
  0.451958234291E+01  0.845168193313E-05
  0.466654788572E+01  0.508260761545E-05
  0.481829238135E+01  0.300474388344E-05
  0.497497122942E+01  0.174527636341E-05
  0.513674488277E+01  0.995428074612E-06
& 0 = L
  0.618016550919E-04 -0.201968544365E-03
  0.638112907392E-04 -0.208536057421E-03
  0.658862747243E-04 -0.215317129603E-03
  0.680287320122E-04 -0.222318705317E-03
  0.702408566663E-04 -0.229547954787E-03
  0.725249140956E-04 -0.237012281395E-03
  0.748832433745E-04 -0.244719329260E-03
  0.773182596381E-04 -0.252676991068E-03
  0.798324565561E-04 -0.260893416159E-03
  0.824284088857E-04 -0.269377018866E-03
  0.851087751089E-04 -0.278136487134E-03
  0.878763001550E-04 -0.287180791421E-03
  0.907338182115E-04 -0.296519193879E-03
  0.936842556266E-04 -0.306161257843E-03
  0.967306339059E-04 -0.316116857624E-03
  0.998760728071E-04 -0.326396188618E-03
  0.103123793534E-03 -0.337009777752E-03
  0.106477122038E-03 -0.347968494260E-03
  0.109939492419E-03 -0.359283560817E-03
  0.113514450447E-03 -0.370966565030E-03
  0.117205657191E-03 -0.383029471305E-03
  0.121016892771E-03 -0.395484633102E-03
  0.124952060223E-03 -0.408344805581E-03
  0.129015189505E-03 -0.421623158668E-03
  0.133210441614E-03 -0.435333290542E-03
  0.137542112856E-03 -0.449489241558E-03
  0.142014639240E-03 -0.464105508628E-03
  0.146632601025E-03 -0.479197060066E-03
  0.151400727407E-03 -0.494779350916E-03
  0.156323901363E-03 -0.510868338782E-03
  0.161407164655E-03 -0.527480500163E-03
  0.166655722988E-03 -0.544632847335E-03
  0.172074951345E-03 -0.562342945766E-03
  0.177670399488E-03 -0.580628932106E-03
  0.183447797646E-03 -0.599509532765E-03
  0.189413062379E-03 -0.619004083080E-03
  0.195572302640E-03 -0.639132547125E-03
  0.201931826028E-03 -0.659915538153E-03
  0.208498145252E-03 -0.681374339701E-03
  0.215277984797E-03 -0.703530927392E-03
  0.222278287809E-03 -0.726407991435E-03
  0.229506223212E-03 -0.750028959862E-03
  0.236969193043E-03 -0.774418022520E-03
  0.244674840035E-03 -0.799600155845E-03
  0.252631055444E-03 -0.825601148434E-03
  0.260845987130E-03 -0.852447627458E-03
  0.269328047900E-03 -0.880167085928E-03
  0.278085924126E-03 -0.908787910849E-03
  0.287128584640E-03 -0.938339412289E-03
  0.296465289914E-03 -0.968851853397E-03
  0.306105601551E-03 -0.100035648139E-02
  0.316059392074E-03 -0.103288555954E-02
  0.326336855032E-03 -0.106647240025E-02
  0.336948515447E-03 -0.110115139912E-02
  0.347905240586E-03 -0.113695807020E-02
  0.359218251092E-03 -0.117392908233E-02
  0.370899132478E-03 -0.121210229673E-02
  0.382959846986E-03 -0.125151680573E-02
  0.395412745842E-03 -0.129221297283E-02
  0.408270581902E-03 -0.133423247400E-02
  0.421546522715E-03 -0.137761834039E-02
  0.435254164004E-03 -0.142241500237E-02
  0.449407543591E-03 -0.146866833504E-02
  0.464021155774E-03 -0.151642570518E-02
  0.479109966168E-03 -0.156573601978E-02
  0.494689427035E-03 -0.161664977613E-02
  0.510775493103E-03 -0.166921911346E-02
  0.527384637910E-03 -0.172349786640E-02
  0.544533870671E-03 -0.177954162007E-02
  0.562240753699E-03 -0.183740776699E-02
  0.580523420390E-03 -0.189715556585E-02
  0.599400593793E-03 -0.195884620219E-02
  0.618891605781E-03 -0.202254285105E-02
  0.639016416855E-03 -0.208831074162E-02
  0.659795636580E-03 -0.215621722407E-02
  0.681250544693E-03 -0.222633183848E-02
  0.703403112894E-03 -0.229872638602E-02
  0.726276027350E-03 -0.237347500251E-02
  0.749892711922E-03 -0.245065423426E-02
  0.774277352160E-03 -0.253034311647E-02
  0.799454920067E-03 -0.261262325413E-02
  0.825451199671E-03 -0.269757890557E-02
  0.852292813436E-03 -0.278529706869E-02
  0.880007249518E-03 -0.287586757003E-02
  0.908622889923E-03 -0.296938315673E-02
  0.938169039566E-03 -0.306593959145E-02
  0.968675956287E-03 -0.316563575039E-02
  0.100017488183E-02 -0.326857372449E-02
  0.103269807386E-02 -0.337485892393E-02
  0.106627883896E-02 -0.348460018601E-02
  0.110095156676E-02 -0.359790988651E-02
  0.113675176517E-02 -0.371490405473E-02
  0.117371609673E-02 -0.383570249221E-02
  0.121188241613E-02 -0.396042889530E-02
  0.125128980902E-02 -0.408921098175E-02
  0.129197863203E-02 -0.422218062136E-02
  0.133399055405E-02 -0.435947397092E-02
  0.137736859897E-02 -0.450123161351E-02
  0.142215718969E-02 -0.464759870225E-02
  0.146840219365E-02 -0.479872510885E-02
  0.151615096977E-02 -0.495476557685E-02
  0.156545241698E-02 -0.511587987988E-02
  0.161635702425E-02 -0.528223298506E-02
  0.166891692236E-02 -0.545399522170E-02
  0.172318593724E-02 -0.563134245541E-02
  0.177921964509E-02 -0.581445626791E-02
  0.183707542934E-02 -0.600352414264E-02
  0.189681253936E-02 -0.619873965636E-02
  0.195849215117E-02 -0.640030267703E-02
  0.202217743009E-02 -0.660841956796E-02
  0.208793359540E-02 -0.682330339868E-02
  0.215582798716E-02 -0.704517416257E-02
  0.222593013517E-02 -0.727425900158E-02
  0.229831183015E-02 -0.751079243809E-02
  0.237304719728E-02 -0.775501661441E-02
  0.245021277211E-02 -0.800718153991E-02
  0.252988757893E-02 -0.826754534615E-02
  0.261215321169E-02 -0.853637455024E-02
  0.269709391761E-02 -0.881394432670E-02
  0.278479668339E-02 -0.910053878806E-02
  0.287535132431E-02 -0.939645127446E-02
  0.296885057626E-02 -0.970198465266E-02
  0.306539019062E-02 -0.100174516246E-01
  0.316506903241E-02 -0.103431750457E-01
  0.326798918146E-02 -0.106794882539E-01
  0.337425603700E-02 -0.110267354086E-01
  0.348397842559E-02 -0.113852718408E-01
  0.359726871252E-02 -0.117554644145E-01
  0.371424291697E-02 -0.121376918997E-01
  0.383502083072E-02 -0.125323453566E-01
  0.395972614093E-02 -0.129398285332E-01
  0.408848655673E-02 -0.133605582750E-01
  0.422143394003E-02 -0.137949649470E-01
  0.435870444057E-02 -0.142434928708E-01
  0.450043863533E-02 -0.147066007738E-01
  0.464678167253E-02 -0.151847622537E-01
  0.479788342022E-02 -0.156784662576E-01
  0.495389861979E-02 -0.161882175754E-01
  0.511498704444E-02 -0.167145373500E-01
  0.528131366280E-02 -0.172579636020E-01
  0.545304880784E-02 -0.178190517727E-01
  0.563036835138E-02 -0.183983752819E-01
  0.581345388412E-02 -0.189965261053E-01
  0.600249290164E-02 -0.196141153678E-01
  0.619767899641E-02 -0.202517739567E-01
  0.639921205606E-02 -0.209101531530E-01
  0.660729846804E-02 -0.215899252824E-01
  0.682215133102E-02 -0.222917843864E-01
  0.704399067312E-02 -0.230164469131E-01
  0.727304367720E-02 -0.237646524304E-01
  0.750954491356E-02 -0.245371643588E-01
  0.775373658013E-02 -0.253347707285E-01
  0.800586875051E-02 -0.261582849569E-01
  0.826619963007E-02 -0.270085466510E-01
  0.853499582040E-02 -0.278864224323E-01
  0.881253259227E-02 -0.287928067866E-01
  0.909909416759E-02 -0.297286229379E-01
  0.939497401045E-02 -0.306948237481E-01
  0.970047512768E-02 -0.316923926423E-01
  0.100159103791E-01 -0.327223445598E-01
  0.103416027980E-01 -0.337857269324E-01
  0.106778859218E-01 -0.348836206893E-01
  0.110251041340E-01 -0.360171412903E-01
  0.113836130161E-01 -0.371874397856E-01
  0.117537797128E-01 -0.383957039051E-01
  0.121359833069E-01 -0.396431591753E-01
  0.125306152085E-01 -0.409310700655E-01
  0.129380795550E-01 -0.422607411627E-01
  0.133587936256E-01 -0.436335183756E-01
  0.137931882682E-01 -0.450507901670E-01
  0.142417083409E-01 -0.465139888167E-01
  0.147048131674E-01 -0.480245917111E-01
  0.151829770076E-01 -0.495841226633E-01
  0.156766895430E-01 -0.511941532598E-01
  0.161864563783E-01 -0.528563042355E-01
  0.167127995595E-01 -0.545722468751E-01
  0.172562581078E-01 -0.563437044404E-01
  0.178173885724E-01 -0.581724536226E-01
  0.183967655998E-01 -0.600603260171E-01
  0.189949825228E-01 -0.620092096209E-01
  0.196126519678E-01 -0.640210503493E-01
  0.202504064822E-01 -0.660978535699E-01
  0.209088991824E-01 -0.682416856520E-01
  0.215888044225E-01 -0.704546755274E-01
  0.222908184848E-01 -0.727390162599E-01
  0.230156602931E-01 -0.750969666192E-01
  0.237640721488E-01 -0.775308526545E-01
  0.245368204910E-01 -0.800430692636E-01
  0.253346966815E-01 -0.826360817502E-01
  0.261585178152E-01 -0.853124273646E-01
  0.270091275571E-01 -0.880747168190E-01
  0.278873970057E-01 -0.909256357702E-01
  0.287942255858E-01 -0.938679462598E-01
  0.297305419690E-01 -0.969044881018E-01
  0.306973050252E-01 -0.100038180206E+00
  0.316955048042E-01 -0.103272021826E+00
  0.327261635498E-01 -0.106609093711E+00
  0.337903367467E-01 -0.110052559157E+00
  0.348891142011E-01 -0.113605664927E+00
  0.360236211572E-01 -0.117271742029E+00
  0.371950194493E-01 -0.121054206327E+00
  0.384045086916E-01 -0.124956558961E+00
  0.396533275067E-01 -0.128982386548E+00
  0.409427547943E-01 -0.133135361138E+00
  0.422741110405E-01 -0.137419239885E+00
  0.436487596705E-01 -0.141837864405E+00
  0.450681084447E-01 -0.146395159779E+00
  0.465336109001E-01 -0.151095133149E+00
  0.480467678394E-01 -0.155941871871E+00
  0.496091288676E-01 -0.160939541163E+00
  0.512222939787E-01 -0.166092381191E+00
  0.528879151949E-01 -0.171404703531E+00
  0.546076982578E-01 -0.176880886930E+00
  0.563834043756E-01 -0.182525372300E+00
  0.582168520265E-01 -0.188342656844E+00
  0.601099188211E-01 -0.194337287235E+00
  0.620645434253E-01 -0.200513851738E+00
  0.640827275454E-01 -0.206876971164E+00
  0.661665379783E-01 -0.213431288537E+00
  0.683181087280E-01 -0.220181457337E+00
  0.705396431910E-01 -0.227132128179E+00
  0.728334164127E-01 -0.234287933766E+00
  0.752017774173E-01 -0.241653471947E+00
  0.776471516134E-01 -0.249233286686E+00
  0.801720432779E-01 -0.257031846756E+00
  0.827790381206E-01 -0.265053521922E+00
  0.854708059318E-01 -0.273302556381E+00
  0.882501033171E-01 -0.281783039214E+00
  0.911197765199E-01 -0.290498871558E+00
  0.940827643363E-01 -0.299453730214E+00
  0.971421011247E-01 -0.308651027363E+00
  0.100300919913E+00 -0.318093866067E+00
  0.103562455609E+00 -0.327784991166E+00
  0.106930048308E+00 -0.337726735216E+00
  0.110407146722E+00 -0.347920959025E+00
  0.113997311701E+00 -0.358368986383E+00
  0.117704219889E+00 -0.369071532515E+00
  0.121531667484E+00 -0.380028625784E+00
  0.125483574126E+00 -0.391239522146E+00
  0.129563986913E+00 -0.402702611852E+00
  0.133777084545E+00 -0.414415317864E+00
  0.138127181601E+00 -0.426373985444E+00
  0.142618732962E+00 -0.438573762401E+00
  0.147256338367E+00 -0.451008469440E+00
  0.152044747131E+00 -0.463670460113E+00
  0.156988863003E+00 -0.476550469867E+00
  0.162093749188E+00 -0.489637453755E+00
  0.167364633538E+00 -0.502918412405E+00
  0.172806913897E+00 -0.516378205937E+00
  0.178426163636E+00 -0.529999355619E+00
  0.184228137359E+00 -0.543761833172E+00
  0.190218776792E+00 -0.557642837828E+00
  0.196404216876E+00 -0.571616561400E+00
  0.202790792040E+00 -0.585653941926E+00
  0.209385042696E+00 -0.599722406717E+00
  0.216193721933E+00 -0.613785605991E+00
  0.223223802433E+00 -0.627803138737E+00
  0.230482483613E+00 -0.641730272917E+00
  0.237977198996E+00 -0.655517662720E+00
  0.245715623827E+00 -0.669111066239E+00
  0.253705682928E+00 -0.682451067747E+00
  0.261955558819E+00 -0.695472809590E+00
  0.270473700092E+00 -0.708105739745E+00
  0.279268830070E+00 -0.720273382187E+00
  0.288349955733E+00 -0.731893138443E+00
  0.297726376949E+00 -0.742876130070E+00
  0.307407695991E+00 -0.753127093231E+00
  0.317403827376E+00 -0.762544338123E+00
  0.327725008016E+00 -0.771019787602E+00
  0.338381807703E+00 -0.778439111038E+00
  0.349385139930E+00 -0.784681971025E+00
  0.360746273072E+00 -0.789622402191E+00
  0.372476841920E+00 -0.793129342678E+00
  0.384588859603E+00 -0.795067339991E+00
  0.397094729886E+00 -0.795297453614E+00
  0.410007259871E+00 -0.793678376824E+00
  0.423339673119E+00 -0.790067799459E+00
  0.437105623186E+00 -0.784324031622E+00
  0.451319207607E+00 -0.776307905182E+00
  0.465994982334E+00 -0.765884965245E+00
  0.481147976645E+00 -0.752927957015E+00
  0.496793708528E+00 -0.737319604423E+00
  0.512948200580E+00 -0.718955665108E+00
  0.529627996414E+00 -0.697748231576E+00
  0.546850177597E+00 -0.673629230220E+00
  0.564632381148E+00 -0.646554048394E+00
  0.582992817598E+00 -0.616505194859E+00
  0.601950289637E+00 -0.583495870968E+00
  0.621524211373E+00 -0.547573299834E+00
  0.641734628214E+00 -0.508821629522E+00
  0.662602237391E+00 -0.467364196118E+00
  0.684148409161E+00 -0.423364906089E+00
  0.706395208685E+00 -0.377028478514E+00
  0.729365418631E+00 -0.328599281445E+00
  0.753082562501E+00 -0.278358509035E+00
  0.777570928722E+00 -0.226619484525E+00
  0.802855595522E+00 -0.173720947082E+00
  0.828962456609E+00 -0.120018296723E+00
  0.855918247689E+00 -0.658729400035E-01
  0.883750573849E+00 -0.116401069714E-01
  0.912487937823E+00  0.423441988106E-01
  0.942159769182E+00  0.957761022289E-01
  0.972796454474E+00  0.148395191406E+00
  0.100442936834E+01  0.199992434299E+00
  0.103709090566E+01  0.250412407515E+00
  0.107081451468E+01  0.299547225106E+00
  0.110563473135E+01  0.347319376663E+00
  0.114158721459E+01  0.393650785656E+00
  0.117870878289E+01  0.438415921923E+00
  0.121703745200E+01  0.481377905689E+00
  0.125661247380E+01  0.522130912875E+00
  0.129747437658E+01  0.560356513655E+00
  0.133966500650E+01  0.595829230980E+00
  0.138322757046E+01  0.628364127332E+00
  0.142820668032E+01  0.657808574081E+00
  0.147464839863E+01  0.684040589018E+00
  0.152260028575E+01  0.706965565930E+00
  0.157211144862E+01  0.726511689348E+00
  0.162323259099E+01  0.742625177782E+00
  0.167601606538E+01  0.755266987206E+00
  0.173051592668E+01  0.764412150066E+00
  0.178678798750E+01  0.770051714510E+00
  0.184488987537E+01  0.772196157404E+00
  0.190488109168E+01  0.770878891120E+00
  0.196682307268E+01  0.766159043700E+00
  0.203077925238E+01  0.758123233461E+00
  0.209681512749E+01  0.746886635629E+00
  0.216499832452E+01  0.732593414261E+00
  0.223539866903E+01  0.715417032423E+00
  0.230808825711E+01  0.695560053793E+00
  0.238314152925E+01  0.673253653661E+00
  0.246063534657E+01  0.648756234388E+00
  0.254064906951E+01  0.622350867468E+00
  0.262326463911E+01  0.594341064019E+00
  0.270856666092E+01  0.565044844604E+00
  0.279664249169E+01  0.534787182362E+00
  0.288758232875E+01  0.503891547880E+00
  0.298147930244E+01  0.472671407998E+00
  0.307842957148E+01  0.441422554292E+00
  0.317853242140E+01  0.410417002196E+00
  0.328189036628E+01  0.379898830239E+00
  0.338860925367E+01  0.350082016597E+00
  0.349879837306E+01  0.321150080862E+00
  0.361257056771E+01  0.293257156276E+00
  0.373004235031E+01  0.266530048354E+00
  0.385133402223E+01  0.241070817547E+00
  0.397656979673E+01  0.216959462645E+00
  0.410587792619E+01  0.194256361931E+00
  0.423939083344E+01  0.173004243981E+00
  0.437724524735E+01  0.153229596918E+00
  0.451958234291E+01  0.134943562294E+00
  0.466654788572E+01  0.118142470933E+00
  0.481829238135E+01  0.102808239989E+00
  0.497497122942E+01  0.889088541649E-01
  0.513674488277E+01  0.763991076056E-01
& 1 = L
  0.618016550919E-04  0.215817443177E-07
  0.638112907392E-04  0.230081335594E-07
  0.658862747243E-04  0.245287962863E-07
  0.680287320122E-04  0.261499632591E-07
  0.702408566663E-04  0.278782770441E-07
  0.725249140956E-04  0.297208192310E-07
  0.748832433745E-04  0.316851394487E-07
  0.773182596381E-04  0.337792862990E-07
  0.798324565561E-04  0.360118403351E-07
  0.824284088857E-04  0.383919492196E-07
  0.851087751089E-04  0.409293652059E-07
  0.878763001550E-04  0.436344850971E-07
  0.907338182115E-04  0.465183928461E-07
  0.936842556266E-04  0.495929049707E-07
  0.967306339059E-04  0.528706189704E-07
  0.998760728071E-04  0.563649649437E-07
  0.103123793534E-03  0.600902606166E-07
  0.106477122038E-03  0.640617700075E-07
  0.109939492419E-03  0.682957659705E-07
  0.113514450447E-03  0.728095968713E-07
  0.117205657191E-03  0.776217576707E-07
  0.121016892771E-03  0.827519657054E-07
  0.124952060223E-03  0.882212414780E-07
  0.129015189505E-03  0.940519947865E-07
  0.133210441614E-03  0.100268116545E-06
  0.137542112856E-03  0.106895076677E-06
  0.142014639240E-03  0.113960028472E-06
  0.146632601025E-03  0.121491919845E-06
  0.151400727407E-03  0.129521611950E-06
  0.156323901363E-03  0.138082005624E-06
  0.161407164655E-03  0.147208176204E-06
  0.166655722988E-03  0.156937517234E-06
  0.172074951345E-03  0.167309893689E-06
  0.177670399488E-03  0.178367805315E-06
  0.183447797646E-03  0.190156560765E-06
  0.189413062379E-03  0.202724463251E-06
  0.195572302640E-03  0.216123008456E-06
  0.201931826028E-03  0.230407095537E-06
  0.208498145252E-03  0.245635252064E-06
  0.215277984797E-03  0.261869873833E-06
  0.222278287809E-03  0.279177480526E-06
  0.229506223212E-03  0.297628988266E-06
  0.236969193043E-03  0.317300000191E-06
  0.244674840035E-03  0.338271116227E-06
  0.252631055444E-03  0.360628263340E-06
  0.260845987130E-03  0.384463047609E-06
  0.269328047900E-03  0.409873129573E-06
  0.278085924126E-03  0.436962624386E-06
  0.287128584640E-03  0.465842528412E-06
  0.296465289914E-03  0.496631174027E-06
  0.306105601551E-03  0.529454714466E-06
  0.316059392074E-03  0.564447640726E-06
  0.326336855032E-03  0.601753332621E-06
  0.336948515447E-03  0.641524646273E-06
  0.347905240586E-03  0.683924540414E-06
  0.359218251092E-03  0.729126744091E-06
  0.370899132478E-03  0.777316468504E-06
  0.382959846986E-03  0.828691165883E-06
  0.395412745842E-03  0.883461338525E-06
  0.408270581902E-03  0.941851401297E-06
  0.421546522715E-03  0.100410060116E-05
  0.435254164004E-03  0.107046399742E-05
  0.449407543591E-03  0.114121350687E-05
  0.464021155774E-03  0.121663901783E-05
  0.479109966168E-03  0.129704957803E-05
  0.494689427035E-03  0.138277466081E-05
  0.510775493103E-03  0.147416551515E-05
  0.527384637910E-03  0.157159660482E-05
  0.544533870671E-03  0.167546714273E-05
  0.562240753699E-03  0.178620272660E-05
  0.580523420390E-03  0.190425708283E-05
  0.599400593793E-03  0.203011392555E-05
  0.618891605781E-03  0.216428893856E-05
  0.639016416855E-03  0.230733188828E-05
  0.659795636580E-03  0.245982887631E-05
  0.681250544693E-03  0.262240474090E-05
  0.703403112894E-03  0.279572561711E-05
  0.726276027350E-03  0.298050166615E-05
  0.749892711922E-03  0.317748998523E-05
  0.774277352160E-03  0.338749770949E-05
  0.799454920067E-03  0.361138531922E-05
  0.825451199671E-03  0.385007016539E-05
  0.852292813436E-03  0.410453022839E-05
  0.880007249518E-03  0.437580812507E-05
  0.908622889923E-03  0.466501538062E-05
  0.938169039566E-03  0.497333698280E-05
  0.968675956287E-03  0.530203623719E-05
  0.100017488183E-02  0.565245994323E-05
  0.103269807386E-02  0.602604391240E-05
  0.106627883896E-02  0.642431885109E-05
  0.110095156676E-02  0.684891663227E-05
  0.113675176517E-02  0.730157698160E-05
  0.117371609673E-02  0.778415460544E-05
  0.121188241613E-02  0.829862678996E-05
  0.125128980902E-02  0.884710150242E-05
  0.129197863203E-02  0.943182602785E-05
  0.133399055405E-02  0.100551961765E-04
  0.137736859897E-02  0.107197660999E-04
  0.142215718969E-02  0.114282587553E-04
  0.146840219365E-02  0.121835770620E-04
  0.151615096977E-02  0.129888157948E-04
  0.156545241698E-02  0.138472742637E-04
  0.161635702425E-02  0.147624698309E-04
  0.166891692236E-02  0.157381523215E-04
  0.172318593724E-02  0.167783193866E-04
  0.177921964509E-02  0.178872328818E-04
  0.183707542934E-02  0.190694363269E-04
  0.189681253936E-02  0.203297735209E-04
  0.195849215117E-02  0.216734083860E-04
  0.202217743009E-02  0.231058461235E-04
  0.208793359540E-02  0.246329557674E-04
  0.215582798716E-02  0.262609942280E-04
  0.222593013517E-02  0.279966319249E-04
  0.229831183015E-02  0.298469801135E-04
  0.237304719728E-02  0.318196200168E-04
  0.245021277211E-02  0.339226338821E-04
  0.252988757893E-02  0.361646380905E-04
  0.261215321169E-02  0.385548184526E-04
  0.269709391761E-02  0.411029678379E-04
  0.278479668339E-02  0.438195262884E-04
  0.287535132431E-02  0.467156237844E-04
  0.296885057626E-02  0.498031258340E-04
  0.306539019062E-02  0.530946820753E-04
  0.316506903241E-02  0.566037780894E-04
  0.326798918146E-02  0.603447906357E-04
  0.337425603700E-02  0.643330465359E-04
  0.348397842559E-02  0.685848854486E-04
  0.359726871252E-02  0.731177267890E-04
  0.371424291697E-02  0.779501410694E-04
  0.383502083072E-02  0.831019259522E-04
  0.395972614093E-02  0.885941873240E-04
  0.408848655673E-02  0.944494257262E-04
  0.422143394003E-02  0.100691628492E-03
  0.435870444057E-02  0.107346367966E-03
  0.450043863533E-02  0.114440906216E-03
  0.464678167253E-02  0.122004306647E-03
  0.479788342022E-02  0.130067552999E-03
  0.495389861979E-02  0.138663676187E-03
  0.511498704444E-02  0.147827889520E-03
  0.528131366280E-02  0.157597732850E-03
  0.545304880784E-02  0.168013226227E-03
  0.563036835138E-02  0.179117033701E-03
  0.581345388412E-02  0.190954637926E-03
  0.600249290164E-02  0.203574526297E-03
  0.619767899641E-02  0.217028389351E-03
  0.639921205606E-02  0.231371332276E-03
  0.660729846804E-02  0.246662100350E-03
  0.682215133102E-02  0.262963319266E-03
  0.704399067312E-02  0.280341751294E-03
  0.727304367720E-02  0.298868568334E-03
  0.750954491356E-02  0.318619642974E-03
  0.775373658013E-02  0.339675858726E-03
  0.800586875051E-02  0.362123440706E-03
  0.826619963007E-02  0.386054308105E-03
  0.853499582040E-02  0.411566449878E-03
  0.881253259227E-02  0.438764325165E-03
  0.909909416759E-02  0.467759290091E-03
  0.939497401045E-02  0.498670052648E-03
  0.970047512768E-02  0.531623157516E-03
  0.100159103791E-01  0.566753502781E-03
  0.103416027980E-01  0.604204890629E-03
  0.106778859218E-01  0.644130614258E-03
  0.110251041340E-01  0.686694083352E-03
  0.113836130161E-01  0.732069490653E-03
  0.117537797128E-01  0.780442522307E-03
  0.121359833069E-01  0.832011114844E-03
  0.125306152085E-01  0.886986261821E-03
  0.129380795550E-01  0.945592873370E-03
  0.133587936256E-01  0.100807069209E-02
  0.137931882682E-01  0.107467526895E-02
  0.142417083409E-01  0.114567900304E-02
  0.147048131674E-01  0.122137224945E-02
  0.151829770076E-01  0.130206449951E-02
  0.156766895430E-01  0.138808563816E-02
  0.161864563783E-01  0.147978728346E-02
  0.167127995595E-01  0.157754421348E-02
  0.172562581078E-01  0.168175588612E-02
  0.178173885724E-01  0.179284805800E-02
  0.183967655998E-01  0.191127450866E-02
  0.189949825228E-01  0.203751887672E-02
  0.196126519678E-01  0.217209661535E-02
  0.202504064822E-01  0.231555707443E-02
  0.209088991824E-01  0.246848571757E-02
  0.215888044225E-01  0.263150648249E-02
  0.222908184848E-01  0.280528429377E-02
  0.230156602931E-01  0.299052773758E-02
  0.237640721488E-01  0.318799190852E-02
  0.245368204910E-01  0.339848143938E-02
  0.253346966815E-01  0.362285372501E-02
  0.261585178152E-01  0.386202235258E-02
  0.270091275571E-01  0.411696075067E-02
  0.278873970057E-01  0.438870607076E-02
  0.287942255858E-01  0.467836331528E-02
  0.297305419690E-01  0.498710972707E-02
  0.306973050252E-01  0.531619945600E-02
  0.316955048042E-01  0.566696851943E-02
  0.327261635498E-01  0.604084007375E-02
  0.337903367467E-01  0.643933001543E-02
  0.348891142011E-01  0.686405293076E-02
  0.360236211572E-01  0.731672841439E-02
  0.371950194493E-01  0.779918777771E-02
  0.384045086916E-01  0.831338116914E-02
  0.396533275067E-01  0.886138512926E-02
  0.409427547943E-01  0.944541060464E-02
  0.422741110405E-01  0.100678114452E-01
  0.436487596705E-01  0.107310934111E-01
  0.450681084447E-01  0.114379237148E-01
  0.465336109001E-01  0.121911411276E-01
  0.480467678394E-01  0.129937666761E-01
  0.496091288676E-01  0.138490149601E-01
  0.512222939787E-01  0.147603061191E-01
  0.528879151949E-01  0.157312784784E-01
  0.546076982578E-01  0.167658019039E-01
  0.563834043756E-01  0.178679918958E-01
  0.582168520265E-01  0.190422244504E-01
  0.601099188211E-01  0.202931517196E-01
  0.620645434253E-01  0.216257184948E-01
  0.640827275454E-01  0.230451795430E-01
  0.661665379783E-01  0.245571178192E-01
  0.683181087280E-01  0.261674635760E-01
  0.705396431910E-01  0.278825143910E-01
  0.728334164127E-01  0.297089561257E-01
  0.752017774173E-01  0.316538848244E-01
  0.776471516134E-01  0.337248295589E-01
  0.801720432779E-01  0.359297762132E-01
  0.827790381206E-01  0.382771921957E-01
  0.854708059318E-01  0.407760520564E-01
  0.882501033171E-01  0.434358639731E-01
  0.911197765199E-01  0.462666970554E-01
  0.940827643363E-01  0.492792094009E-01
  0.971421011247E-01  0.524846768159E-01
  0.100300919913E+00  0.558950220899E-01
  0.103562455609E+00  0.595228446892E-01
  0.106930048308E+00  0.633814507015E-01
  0.110407146722E+00  0.674848828307E-01
  0.113997311701E+00  0.718479501986E-01
  0.117704219889E+00  0.764862576686E-01
  0.121531667484E+00  0.814162343498E-01
  0.125483574126E+00  0.866551608845E-01
  0.129563986913E+00  0.922211950548E-01
  0.133777084545E+00  0.981333951664E-01
  0.138127181601E+00  0.104411740588E+00
  0.142618732962E+00  0.111077148722E+00
  0.147256338367E+00  0.118151487590E+00
  0.152044747131E+00  0.125657583076E+00
  0.156988863003E+00  0.133619219761E+00
  0.162093749188E+00  0.142061134128E+00
  0.167364633538E+00  0.151008998748E+00
  0.172806913897E+00  0.160489395894E+00
  0.178426163636E+00  0.170529778829E+00
  0.184228137359E+00  0.181158418800E+00
  0.190218776792E+00  0.192404335563E+00
  0.196404216876E+00  0.204297208981E+00
  0.202790792040E+00  0.216867269019E+00
  0.209385042696E+00  0.230145161160E+00
  0.216193721933E+00  0.244161783966E+00
  0.223223802433E+00  0.258948095248E+00
  0.230482483613E+00  0.274534882965E+00
  0.237977198996E+00  0.290952496689E+00
  0.245715623827E+00  0.308230535179E+00
  0.253705682928E+00  0.326397485330E+00
  0.261955558819E+00  0.345480307510E+00
  0.270473700092E+00  0.365503962119E+00
  0.279268830070E+00  0.386490872082E+00
  0.288349955733E+00  0.408460315919E+00
  0.297726376949E+00  0.431427746193E+00
  0.307407695991E+00  0.455404028316E+00
  0.317403827376E+00  0.480394595203E+00
  0.327725008016E+00  0.506398513939E+00
  0.338381807703E+00  0.533407461643E+00
  0.349385139930E+00  0.561404609115E+00
  0.360746273072E+00  0.590363412681E+00
  0.372476841920E+00  0.620246317030E+00
  0.384588859603E+00  0.651003374834E+00
  0.397094729886E+00  0.682570792684E+00
  0.410007259871E+00  0.714869417396E+00
  0.423339673119E+00  0.747803182253E+00
  0.437105623186E+00  0.781257539224E+00
  0.451319207607E+00  0.815097910859E+00
  0.465994982334E+00  0.849168204303E+00
  0.481147976645E+00  0.883289439910E+00
  0.496793708528E+00  0.917258558092E+00
  0.512948200580E+00  0.950847480250E+00
  0.529627996414E+00  0.983802512779E+00
  0.546850177597E+00  0.101584419670E+01
  0.564632381148E+00  0.104666771913E+01
  0.582992817598E+00  0.107594401554E+01
  0.601950289637E+00  0.110332170306E+01
  0.621524211373E+00  0.112842999278E+01
  0.641734628214E+00  0.115088273218E+01
  0.662602237391E+00  0.117028372528E+01
  0.684148409161E+00  0.118623346396E+01
  0.706395208685E+00  0.119833737835E+01
  0.729365418631E+00  0.120621567123E+01
  0.753082562501E+00  0.120951473899E+01
  0.777570928722E+00  0.120792009466E+01
  0.802855595522E+00  0.120117059346E+01
  0.828962456609E+00  0.118907361441E+01
  0.855918247689E+00  0.117152067081E+01
  0.883750573849E+00  0.114850270757E+01
  0.912487937823E+00  0.112012409765E+01
  0.942159769182E+00  0.108661408068E+01
  0.972796454474E+00  0.104833410900E+01
  0.100442936834E+01  0.100577930159E+01
  0.103709090566E+01  0.959571988907E+00
  0.107081451468E+01  0.910445205803E+00
  0.110563473135E+01  0.859214015441E+00
  0.114158721459E+01  0.806732797959E+00
  0.117870878289E+01  0.753837198561E+00
  0.121703745200E+01  0.701270394940E+00
  0.125661247380E+01  0.649594805166E+00
  0.129747437658E+01  0.599101897770E+00
  0.133966500650E+01  0.549999884773E+00
  0.138322757046E+01  0.502589748900E+00
  0.142820668032E+01  0.457134291277E+00
  0.147464839863E+01  0.413848433730E+00
  0.152260028575E+01  0.372899261166E+00
  0.157211144862E+01  0.334406863417E+00
  0.162323259099E+01  0.298446461844E+00
  0.167601606538E+01  0.265052074498E+00
  0.173051592668E+01  0.234221435657E+00
  0.178678798750E+01  0.205921432733E+00
  0.184488987537E+01  0.180093296568E+00
  0.190488109168E+01  0.156657125584E+00
  0.196682307268E+01  0.135515716397E+00
  0.203077925238E+01  0.116557878125E+00
  0.209681512749E+01  0.996614258317E-01
  0.216499832452E+01  0.846959690478E-01
  0.223539866903E+01  0.715255408284E-01
  0.230808825711E+01  0.600110577334E-01
  0.238314152925E+01  0.500125788259E-01
  0.246063534657E+01  0.413913319806E-01
  0.254064906951E+01  0.340114847112E-01
  0.262326463911E+01  0.277416572600E-01
  0.270856666092E+01  0.224561916219E-01
  0.279664249169E+01  0.180362008335E-01
  0.288758232875E+01  0.143704203376E-01
  0.298147930244E+01  0.113558714769E-01
  0.307842957148E+01  0.889833438294E-02
  0.317853242140E+01  0.691262060704E-02
  0.328189036628E+01  0.532263861739E-02
  0.338860925367E+01  0.406125545397E-02
  0.349879837306E+01  0.306997126167E-02
  0.361257056771E+01  0.229843495031E-02
  0.373004235031E+01  0.170383724862E-02
  0.385133402223E+01  0.125022046318E-02
  0.397656979673E+01  0.907743240589E-03
  0.410587792619E+01  0.651934566961E-03
  0.423939083344E+01  0.462965342257E-03
  0.437724524735E+01  0.324959192395E-03
  0.451958234291E+01  0.225357554118E-03
  0.466654788572E+01  0.154348074371E-03
  0.481829238135E+01  0.104360363132E-03
  0.497497122942E+01  0.696292651032E-04
  0.513674488277E+01  0.458230290112E-04
& 2 = L
  0.618016550919E-04  0.939716807021E-12
  0.638112907392E-04  0.103440179250E-11
  0.658862747243E-04  0.113862714843E-11
  0.680287320122E-04  0.125335415357E-11
  0.702408566663E-04  0.137964094427E-11
  0.725249140956E-04  0.151865227368E-11
  0.748832433745E-04  0.167167025440E-11
  0.773182596381E-04  0.184010618346E-11
  0.798324565561E-04  0.202551355889E-11
  0.824284088857E-04  0.222960240771E-11
  0.851087751089E-04  0.245425505765E-11
  0.878763001550E-04  0.270154349802E-11
  0.907338182115E-04  0.297374848982E-11
  0.936842556266E-04  0.327338060140E-11
  0.967306339059E-04  0.360320336359E-11
  0.998760728071E-04  0.396625875801E-11
  0.103123793534E-03  0.436589527349E-11
  0.106477122038E-03  0.480579878941E-11
  0.109939492419E-03  0.529002657091E-11
  0.113514450447E-03  0.582304468936E-11
  0.117205657191E-03  0.640976921324E-11
  0.121016892771E-03  0.705561154947E-11
  0.124952060223E-03  0.776652835323E-11
  0.129015189505E-03  0.854907646666E-11
  0.133210441614E-03  0.941047339311E-11
  0.137542112856E-03  0.103586638648E-10
  0.142014639240E-03  0.114023931175E-10
  0.146632601025E-03  0.125512875489E-10
  0.151400727407E-03  0.138159435033E-10
  0.156323901363E-03  0.152080250025E-10
  0.161407164655E-03  0.167403713242E-10
  0.166655722988E-03  0.184271154197E-10
  0.172074951345E-03  0.202838142627E-10
  0.177670399488E-03  0.223275923331E-10
  0.183447797646E-03  0.245772995569E-10
  0.189413062379E-03  0.270536851607E-10
  0.195572302640E-03  0.297795890437E-10
  0.201931826028E-03  0.327801524310E-10
  0.208498145252E-03  0.360830497541E-10
  0.215277984797E-03  0.397187438932E-10
  0.222278287809E-03  0.437207671395E-10
  0.229506223212E-03  0.481260304655E-10
  0.236969193043E-03  0.529751639578E-10
  0.244674840035E-03  0.583128915515E-10
  0.252631055444E-03  0.641884435222E-10
  0.260845987130E-03  0.706560105402E-10
  0.269328047900E-03  0.777752434757E-10
  0.278085924126E-03  0.856118035624E-10
  0.287128584640E-03  0.942379679959E-10
  0.296465289914E-03  0.103733296552E-09
  0.306105601551E-03  0.114185365370E-09
  0.316059392074E-03  0.125690574678E-09
  0.326336855032E-03  0.138355037893E-09
  0.336948515447E-03  0.152295560318E-09
  0.347905240586E-03  0.167640716441E-09
  0.359218251092E-03  0.184532035787E-09
  0.370899132478E-03  0.203125308255E-09
  0.382959846986E-03  0.223592020979E-09
  0.395412745842E-03  0.246120939964E-09
  0.408270581902E-03  0.270919851085E-09
  0.421546522715E-03  0.298217476511E-09
  0.435254164004E-03  0.328265584226E-09
  0.449407543591E-03  0.361341310092E-09
  0.464021155774E-03  0.397749713898E-09
  0.479109966168E-03  0.437826592940E-09
  0.494689427035E-03  0.481941579095E-09
  0.510775493103E-03  0.530501547960E-09
  0.527384637910E-03  0.583954371486E-09
  0.544533870671E-03  0.642793048720E-09
  0.562240753699E-03  0.707560252762E-09
  0.580523420390E-03  0.778853335864E-09
  0.599400593793E-03  0.857329838831E-09
  0.618891605781E-03  0.943713555553E-09
  0.639016416855E-03  0.103880120858E-08
  0.659795636580E-03  0.114346979732E-08
  0.681250544693E-03  0.125868468664E-08
  0.703403112894E-03  0.138550851044E-08
  0.726276027350E-03  0.152511097238E-08
  0.749892711922E-03  0.167877963407E-08
  0.774277352160E-03  0.184793179023E-08
  0.799454920067E-03  0.203412754052E-08
  0.825451199671E-03  0.223908417825E-08
  0.852292813436E-03  0.246469202905E-08
  0.880007249518E-03  0.271303188533E-08
  0.908622889923E-03  0.298639419740E-08
  0.938169039566E-03  0.328730019831E-08
  0.968675956287E-03  0.361852515709E-08
  0.100017488183E-02  0.398312397503E-08
  0.103269807386E-02  0.438445936095E-08
  0.106627883896E-02  0.482623284531E-08
  0.110095156676E-02  0.531251891927E-08
  0.113675176517E-02  0.584780261355E-08
  0.117371609673E-02  0.643702086353E-08
  0.121188241613E-02  0.708560804229E-08
  0.125128980902E-02  0.779954608141E-08
  0.129197863203E-02  0.858541964174E-08
  0.133399055405E-02  0.945047684310E-08
  0.137736859897E-02  0.104026961128E-07
  0.142215718969E-02  0.114508597698E-07
  0.146840219365E-02  0.126046350225E-07
  0.151615096977E-02  0.138746631282E-07
  0.156545241698E-02  0.152726575356E-07
  0.161635702425E-02  0.168115119154E-07
  0.166891692236E-02  0.185054190764E-07
  0.172318593724E-02  0.203700018622E-07
  0.177921964509E-02  0.224224572373E-07
  0.183707542934E-02  0.246817148896E-07
  0.189681253936E-02  0.271686118139E-07
  0.195849215117E-02  0.299060844848E-07
  0.202217743009E-02  0.329193803920E-07
  0.208793359540E-02  0.362362908886E-07
  0.215582798716E-02  0.398874075000E-07
  0.222593013517E-02  0.439064040560E-07
  0.229831183015E-02  0.483303472493E-07
  0.237304719728E-02  0.532000384831E-07
  0.245021277211E-02  0.585603901608E-07
  0.252988757893E-02  0.644608398867E-07
  0.261215321169E-02  0.709558063988E-07
  0.269709391761E-02  0.781051914366E-07
  0.278479668339E-02  0.859749321718E-07
  0.287535132431E-02  0.946376092964E-07
  0.296885057626E-02  0.104173116374E-06
  0.306539019062E-02  0.114669396630E-06
  0.316506903241E-02  0.126223253964E-06
  0.326798918146E-02  0.138941245678E-06
  0.337425603700E-02  0.152940665138E-06
  0.348397842559E-02  0.168350623433E-06
  0.359726871252E-02  0.185313240005E-06
  0.371424291697E-02  0.203984953228E-06
  0.383502083072E-02  0.224537963017E-06
  0.395972614093E-02  0.247161818762E-06
  0.408848655673E-02  0.272065167235E-06
  0.422143394003E-02  0.299477676571E-06
  0.435870444057E-02  0.329652154073E-06
  0.450043863533E-02  0.362866877345E-06
  0.464678167253E-02  0.399428160254E-06
  0.479788342022E-02  0.439673177366E-06
  0.495389861979E-02  0.483973072882E-06
  0.511498704444E-02  0.532736382737E-06
  0.528131366280E-02  0.586412801391E-06
  0.545304880784E-02  0.645497328027E-06
  0.563036835138E-02  0.710534830356E-06
  0.581345388412E-02  0.782125068089E-06
  0.600249290164E-02  0.860928222357E-06
  0.619767899641E-02  0.947670982005E-06
  0.639921205606E-02  0.104315324286E-05
  0.660729846804E-02  0.114825548164E-05
  0.682215133102E-02  0.126394687248E-05
  0.704399067312E-02  0.139129422076E-05
  0.727304367720E-02  0.153147179653E-05
  0.750954491356E-02  0.168577215814E-05
  0.775373658013E-02  0.185561806562E-05
  0.800586875051E-02  0.204257559357E-05
  0.826619963007E-02  0.224836856422E-05
  0.853499582040E-02  0.247489443347E-05
  0.881253259227E-02  0.272424177621E-05
  0.909909416759E-02  0.299870953165E-05
  0.939497401045E-02  0.330082818583E-05
  0.970047512768E-02  0.363338308608E-05
  0.100159103791E-01  0.399944010182E-05
  0.103416027980E-01  0.440237386770E-05
  0.106778859218E-01  0.484589886870E-05
  0.110251041340E-01  0.533410365277E-05
  0.113836130161E-01  0.587148848552E-05
  0.117537797128E-01  0.646300679277E-05
  0.121359833069E-01  0.711411077158E-05
  0.125306152085E-01  0.783080158845E-05
  0.129380795550E-01  0.861968462560E-05
  0.133587936256E-01  0.948803028197E-05
  0.137931882682E-01  0.104438408869E-04
  0.142417083409E-01  0.114959243395E-04
  0.147048131674E-01  0.126539751499E-04
  0.151829770076E-01  0.139286636224E-04
  0.156766895430E-01  0.153317340001E-04
  0.161864563783E-01  0.168761124675E-04
  0.167127995595E-01  0.185760259987E-04
  0.172562581078E-01  0.204471331399E-04
  0.178173885724E-01  0.225066679193E-04
  0.183967655998E-01  0.247735981992E-04
  0.189949825228E-01  0.272687999166E-04
  0.196126519678E-01  0.300152487991E-04
  0.202504064822E-01  0.330382313054E-04
  0.209088991824E-01  0.363655767101E-04
  0.215888044225E-01  0.400279124441E-04
  0.222908184848E-01  0.440589450122E-04
  0.230156602931E-01  0.484957690387E-04
  0.237640721488E-01  0.533792072436E-04
  0.245368204910E-01  0.587541844317E-04
  0.253346966815E-01  0.646701388774E-04
  0.261585178152E-01  0.711814748253E-04
  0.270091275571E-01  0.783480601906E-04
  0.278873970057E-01  0.862357739453E-04
  0.287942255858E-01  0.949171081167E-04
  0.297305419690E-01  0.104471829807E-03
  0.306973050252E-01  0.114987709172E-03
  0.316955048042E-01  0.126561319878E-03
  0.327261635498E-01  0.139298919178E-03
  0.337903367467E-01  0.153317415474E-03
  0.348891142011E-01  0.168745431947E-03
  0.360236211572E-01  0.185724475704E-03
  0.371950194493E-01  0.204410222793E-03
  0.384045086916E-01  0.224973930412E-03
  0.396533275067E-01  0.247603988740E-03
  0.409427547943E-01  0.272507626006E-03
  0.422741110405E-01  0.299912781676E-03
  0.436487596705E-01  0.330070164090E-03
  0.450681084447E-01  0.363255510367E-03
  0.465336109001E-01  0.399772068099E-03
  0.480467678394E-01  0.439953320171E-03
  0.496091288676E-01  0.484165975985E-03
  0.512222939787E-01  0.532813254555E-03
  0.528879151949E-01  0.586338487225E-03
  0.546076982578E-01  0.645229070305E-03
  0.563834043756E-01  0.710020800615E-03
  0.582168520265E-01  0.781302629902E-03
  0.601099188211E-01  0.859721877230E-03
  0.620645434253E-01  0.945989941891E-03
  0.640827275454E-01  0.104088856302E-02
  0.661665379783E-01  0.114527667605E-02
  0.683181087280E-01  0.126009792037E-02
  0.705396431910E-01  0.138638885700E-02
  0.728334164127E-01  0.152528795982E-02
  0.752017774173E-01  0.167804544924E-02
  0.776471516134E-01  0.184603404202E-02
  0.801720432779E-01  0.203076069714E-02
  0.827790381206E-01  0.223387944317E-02
  0.854708059318E-01  0.245720537864E-02
  0.882501033171E-01  0.270272994372E-02
  0.911197765199E-01  0.297263756724E-02
  0.940827643363E-01  0.326932380043E-02
  0.971421011247E-01  0.359541505486E-02
  0.100300919913E+00  0.395379006853E-02
  0.103562455609E+00  0.434760323087E-02
  0.106930048308E+00  0.478030990250E-02
  0.110407146722E+00  0.525569387180E-02
  0.113997311701E+00  0.577789709401E-02
  0.117704219889E+00  0.635145186281E-02
  0.121531667484E+00  0.698131556561E-02
  0.125483574126E+00  0.767290817437E-02
  0.129563986913E+00  0.843215262114E-02
  0.133777084545E+00  0.926551820279E-02
  0.138127181601E+00  0.101800671499E-01
  0.142618732962E+00  0.111835044823E-01
  0.147256338367E+00  0.122842312543E-01
  0.152044747131E+00  0.134914012680E-01
  0.156988863003E+00  0.148149813005E-01
  0.162093749188E+00  0.162658148473E-01
  0.167364633538E+00  0.178556893335E-01
  0.172806913897E+00  0.195974066758E-01
  0.178426163636E+00  0.215048570007E-01
  0.184228137359E+00  0.235930952235E-01
  0.190218776792E+00  0.258784200758E-01
  0.196404216876E+00  0.283784550287E-01
  0.202790792040E+00  0.311122303892E-01
  0.209385042696E+00  0.341002656510E-01
  0.216193721933E+00  0.373646509503E-01
  0.223223802433E+00  0.409291262044E-01
  0.230482483613E+00  0.448191562031E-01
  0.237977198996E+00  0.490619995605E-01
  0.245715623827E+00  0.536867690300E-01
  0.253705682928E+00  0.587244802164E-01
  0.261955558819E+00  0.642080852005E-01
  0.270473700092E+00  0.701724870059E-01
  0.279268830070E+00  0.766545301947E-01
  0.288349955733E+00  0.836929621690E-01
  0.297726376949E+00  0.913283589934E-01
  0.307407695991E+00  0.996030087340E-01
  0.317403827376E+00  0.108560744455E+00
  0.327725008016E+00  0.118246718133E+00
  0.338381807703E+00  0.128707105863E+00
  0.349385139930E+00  0.139988733902E+00
  0.360746273072E+00  0.152138614305E+00
  0.372476841920E+00  0.165203378296E+00
  0.384588859603E+00  0.179228595092E+00
  0.397094729886E+00  0.194257963773E+00
  0.410007259871E+00  0.210332366085E+00
  0.423339673119E+00  0.227488768937E+00
  0.437105623186E+00  0.245758966870E+00
  0.451319207607E+00  0.265168157288E+00
  0.465994982334E+00  0.285733344796E+00
  0.481147976645E+00  0.307461575958E+00
  0.496793708528E+00  0.330348012340E+00
  0.512948200580E+00  0.354373858177E+00
  0.529627996414E+00  0.379504169628E+00
  0.546850177597E+00  0.405685585594E+00
  0.564632381148E+00  0.432844035677E+00
  0.582992817598E+00  0.460882499138E+00
  0.601950289637E+00  0.489678909550E+00
  0.621524211373E+00  0.519084322981E+00
  0.641734628214E+00  0.548921492308E+00
  0.662602237391E+00  0.578984015675E+00
  0.684148409161E+00  0.609036251397E+00
  0.706395208685E+00  0.638814212697E+00
  0.729365418631E+00  0.668027670115E+00
  0.753082562501E+00  0.696363693413E+00
  0.777570928722E+00  0.723491852813E+00
  0.802855595522E+00  0.749071265417E+00
  0.828962456609E+00  0.772759609075E+00
  0.855918247689E+00  0.794224124833E+00
  0.883750573849E+00  0.813154481928E+00
  0.912487937823E+00  0.829277178438E+00
  0.942159769182E+00  0.842370890233E+00
  0.972796454474E+00  0.852281859041E+00
  0.100442936834E+01  0.858938031748E+00
  0.103709090566E+01  0.862360241926E+00
  0.107081451468E+01  0.862668289249E+00
  0.110563473135E+01  0.860079369362E+00
  0.114158721459E+01  0.854896004975E+00
  0.117870878289E+01  0.847480523916E+00
  0.121703745200E+01  0.838213344696E+00
  0.125661247380E+01  0.827433013079E+00
  0.129747437658E+01  0.815357249010E+00
  0.133966500650E+01  0.801985725417E+00
  0.138322757046E+01  0.787219317990E+00
  0.142820668032E+01  0.771170108157E+00
  0.147464839863E+01  0.753982470863E+00
  0.152260028575E+01  0.735792891508E+00
  0.157211144862E+01  0.716725961315E+00
  0.162323259099E+01  0.696891174067E+00
  0.167601606538E+01  0.676381804834E+00
  0.173051592668E+01  0.655276409233E+00
  0.178678798750E+01  0.633642341299E+00
  0.184488987537E+01  0.611539976986E+00
  0.190488109168E+01  0.589026460751E+00
  0.196682307268E+01  0.566158483745E+00
  0.203077925238E+01  0.542994095108E+00
  0.209681512749E+01  0.519593947171E+00
  0.216499832452E+01  0.496022129325E+00
  0.223539866903E+01  0.472347011123E+00
  0.230808825711E+01  0.448641845084E+00
  0.238314152925E+01  0.424985305310E+00
  0.246063534657E+01  0.401461582870E+00
  0.254064906951E+01  0.378159907749E+00
  0.262326463911E+01  0.355173227298E+00
  0.270856666092E+01  0.332596062025E+00
  0.279664249169E+01  0.310521601077E+00
  0.288758232875E+01  0.289038456547E+00
  0.298147930244E+01  0.268227501093E+00
  0.307842957148E+01  0.248159233314E+00
  0.317853242140E+01  0.228892005933E+00
  0.328189036628E+01  0.210471085592E+00
  0.338860925367E+01  0.192928899911E+00
  0.349879837306E+01  0.176285799055E+00
  0.361257056771E+01  0.160551504129E+00
  0.373004235031E+01  0.145726846989E+00
  0.385133402223E+01  0.131805596059E+00
  0.397656979673E+01  0.118776165105E+00
  0.410587792619E+01  0.106623046141E+00
  0.423939083344E+01  0.953278654432E-01
  0.437724524735E+01  0.848700286111E-01
  0.451958234291E+01  0.752269880059E-01
  0.466654788572E+01  0.663742214715E-01
  0.481829238135E+01  0.582850440688E-01
  0.497497122942E+01  0.509303795657E-01
  0.513674488277E+01  0.442785987268E-01
& 3 = L
  0.618016550919E-04  0.290382782169E-16
  0.638112907392E-04  0.330035422865E-16
  0.658862747243E-04  0.375102750683E-16
  0.680287320122E-04  0.426324157402E-16
  0.702408566663E-04  0.484540000966E-16
  0.725249140956E-04  0.550705392721E-16
  0.748832433745E-04  0.625905867331E-16
  0.773182596381E-04  0.711375192475E-16
  0.798324565561E-04  0.808515610511E-16
  0.824284088857E-04  0.918920844199E-16
  0.851087751089E-04  0.104440224392E-15
  0.878763001550E-04  0.118701850539E-15
  0.907338182115E-04  0.134910944540E-15
  0.936842556266E-04  0.153333438972E-15
  0.967306339059E-04  0.174271580306E-15
  0.998760728071E-04  0.198068887675E-15
  0.103123793534E-03  0.225115788777E-15
  0.106477122038E-03  0.255856025385E-15
  0.109939492419E-03  0.290793933540E-15
  0.113514450447E-03  0.330502717885E-15
  0.117205657191E-03  0.375633855870E-15
  0.121016892771E-03  0.426927786149E-15
  0.124952060223E-03  0.485226056487E-15
  0.129015189505E-03  0.551485130525E-15
  0.133210441614E-03  0.626792079875E-15
  0.137542112856E-03  0.712382419035E-15
  0.142014639240E-03  0.809660375711E-15
  0.146632601025E-03  0.920221929104E-15
  0.151400727407E-03  0.104588099416E-14
  0.156323901363E-03  0.118869918133E-14
  0.161407164655E-03  0.135101962015E-14
  0.166655722988E-03  0.153550540151E-14
  0.172074951345E-03  0.174518326933E-14
  0.177670399488E-03  0.198349327844E-14
  0.183447797646E-03  0.225434523349E-14
  0.189413062379E-03  0.256218283460E-14
  0.195572302640E-03  0.291205658244E-14
  0.201931826028E-03  0.330970663865E-14
  0.208498145252E-03  0.376165700105E-14
  0.215277984797E-03  0.427532253888E-14
  0.222278287809E-03  0.485913064389E-14
  0.229506223212E-03  0.552265949331E-14
  0.236969193043E-03  0.627679519303E-14
  0.244674840035E-03  0.713391037917E-14
  0.252631055444E-03  0.810806720815E-14
  0.260845987130E-03  0.921524806574E-14
  0.269328047900E-03  0.104736177800E-13
  0.278085924126E-03  0.119038216405E-13
  0.287128584640E-03  0.135293241121E-13
  0.296465289914E-03  0.153767938023E-13
  0.306105601551E-03  0.174765409962E-13
  0.316059392074E-03  0.198630149379E-13
  0.326336855032E-03  0.225753690182E-13
  0.336948515447E-03  0.256581031391E-13
  0.347905240586E-03  0.291617937961E-13
  0.359218251092E-03  0.331439238546E-13
  0.370899132478E-03  0.376698256346E-13
  0.382959846986E-03  0.428137527777E-13
  0.395412745842E-03  0.486600984784E-13
  0.408270581902E-03  0.553047800705E-13
  0.421546522715E-03  0.628568126813E-13
  0.435254164004E-03  0.714400977736E-13
  0.449407543591E-03  0.811954559180E-13
  0.464021155774E-03  0.922829371453E-13
  0.479109966168E-03  0.104884446785E-12
  0.494689427035E-03  0.119206729871E-12
  0.510775493103E-03  0.135484763070E-12
  0.527384637910E-03  0.153985609796E-12
  0.544533870671E-03  0.175012801744E-12
  0.562240753699E-03  0.198911318739E-12
  0.580523420390E-03  0.226073248593E-12
  0.599400593793E-03  0.256944219838E-12
  0.618891605781E-03  0.292030712853E-12
  0.639016416855E-03  0.331908369360E-12
  0.659795636580E-03  0.377231436596E-12
  0.681250544693E-03  0.428743501108E-12
  0.703403112894E-03  0.487289688289E-12
  0.726276027350E-03  0.553830527774E-12
  0.749892711922E-03  0.629457712208E-12
  0.774277352160E-03  0.715412007906E-12
  0.799454920067E-03  0.813103611255E-12
  0.825451199671E-03  0.924135284845E-12
  0.852292813436E-03  0.105032865288E-11
  0.880007249518E-03  0.119375408731E-11
  0.908622889923E-03  0.135676467495E-11
  0.938169039566E-03  0.154203482294E-11
  0.968675956287E-03  0.175260413583E-11
  0.100017488183E-02  0.199192728416E-11
  0.103269807386E-02  0.226393068278E-11
  0.106627883896E-02  0.257307690864E-11
  0.110095156676E-02  0.292443791497E-11
  0.113675176517E-02  0.332377824307E-11
  0.117371609673E-02  0.377764959673E-11
  0.121188241613E-02  0.429349833107E-11
  0.125128980902E-02  0.487978761904E-11
  0.129197863203E-02  0.554613630015E-11
  0.133399055405E-02  0.630347668902E-11
  0.137736859897E-02  0.716423393307E-11
  0.142215718969E-02  0.814252986169E-11
  0.146840219365E-02  0.925441467136E-11
  0.151615096977E-02  0.105181302475E-10
  0.156545241698E-02  0.119544094435E-10
  0.161635702425E-02  0.135868162261E-10
  0.166891692236E-02  0.154421322686E-10
  0.172318593724E-02  0.175507963329E-10
  0.177921964509E-02  0.199474036501E-10
  0.183707542934E-02  0.226712734912E-10
  0.189681253936E-02  0.257670942397E-10
  0.195849215117E-02  0.292856565495E-10
  0.202217743009E-02  0.332846866144E-10
  0.208793359540E-02  0.378297932215E-10
  0.215582798716E-02  0.429955441227E-10
  0.222593013517E-02  0.488666893853E-10
  0.229831183015E-02  0.555395517884E-10
  0.237304719728E-02  0.631236070773E-10
  0.245021277211E-02  0.717432799983E-10
  0.252988757893E-02  0.815399855786E-10
  0.261215321169E-02  0.926744491384E-10
  0.269709391761E-02  0.105329343095E-09
  0.278479668339E-02  0.119712283813E-09
  0.287535132431E-02  0.136059237666E-09
  0.296885057626E-02  0.154638392185E-09
  0.306539019062E-02  0.175754555787E-09
  0.316506903241E-02  0.199754158276E-09
  0.326798918146E-02  0.227030934133E-09
  0.337425603700E-02  0.258032381818E-09
  0.348397842559E-02  0.293267105062E-09
  0.359726871252E-02  0.333313156551E-09
  0.371424291697E-02  0.378827520879E-09
  0.383502083072E-02  0.430556892320E-09
  0.395972614093E-02  0.489349924202E-09
  0.408848655673E-02  0.556171150817E-09
  0.422143394003E-02  0.632116810215E-09
  0.435870444057E-02  0.718432827409E-09
  0.450043863533E-02  0.816535252973E-09
  0.464678167253E-02  0.928033492232E-09
  0.479788342022E-02  0.105475670607E-08
  0.495389861979E-02  0.119878381634E-08
  0.511498704444E-02  0.136247760797E-08
  0.528131366280E-02  0.154852348715E-08
  0.545304880784E-02  0.175997353107E-08
  0.563036835138E-02  0.200029655178E-08
  0.581345388412E-02  0.227343499507E-08
  0.600249290164E-02  0.258386960753E-08
  0.619767899641E-02  0.293669293205E-08
  0.639921205606E-02  0.333769283717E-08
  0.660729846804E-02  0.379344744966E-08
  0.682215133102E-02  0.431143304710E-08
  0.704399067312E-02  0.490014667929E-08
  0.727304367720E-02  0.556924552901E-08
  0.750954491356E-02  0.632970529682E-08
  0.775373658013E-02  0.719400020637E-08
  0.800586875051E-02  0.817630758106E-08
  0.826619963007E-02  0.929274034543E-08
  0.853499582040E-02  0.105616112622E-07
  0.881253259227E-02  0.120037332356E-07
  0.909909416759E-02  0.136427606032E-07
  0.939497401045E-02  0.155055770084E-07
  0.970047512768E-02  0.176227362096E-07
  0.100159103791E-01  0.200289630499E-07
  0.103416027980E-01  0.227637227929E-07
  0.106778859218E-01  0.258718681537E-07
  0.110251041340E-01  0.294043746227E-07
  0.113836130161E-01  0.334191761256E-07
  0.117537797128E-01  0.379821147071E-07
  0.121359833069E-01  0.431680197871E-07
  0.125306152085E-01  0.490619346616E-07
  0.129380795550E-01  0.557605103274E-07
  0.133587936256E-01  0.633735894444E-07
  0.137931882682E-01  0.720260063585E-07
  0.142417083409E-01  0.818596326416E-07
  0.147048131674E-01  0.930357016117E-07
  0.151829770076E-01  0.105737449858E-06
  0.156766895430E-01  0.120173118973E-06
  0.161864563783E-01  0.136579366564E-06
  0.167127995595E-01  0.155225142320E-06
  0.172562581078E-01  0.176416092460E-06
  0.178173885724E-01  0.200499564546E-06
  0.183967655998E-01  0.227870294400E-06
  0.189949825228E-01  0.258976867995E-06
  0.196126519678E-01  0.294329063813E-06
  0.202504064822E-01  0.334506195476E-06
  0.209088991824E-01  0.380166590767E-06
  0.215888044225E-01  0.432058361608E-06
  0.222908184848E-01  0.491031640554E-06
  0.230156602931E-01  0.558052483185E-06
  0.237640721488E-01  0.634218662812E-06
  0.245368204910E-01  0.720777614611E-06
  0.253346966815E-01  0.819146821136E-06
  0.261585178152E-01  0.930936970690E-06
  0.270091275571E-01  0.105797826492E-05
  0.278873970057E-01  0.120235030285E-05
  0.287942255858E-01  0.136641602647E-05
  0.297305419690E-01  0.155286027827E-05
  0.306973050252E-01  0.176473359573E-05
  0.316955048042E-01  0.200550195177E-05
  0.327261635498E-01  0.227910324593E-05
  0.337903367467E-01  0.259001145944E-05
  0.348891142011E-01  0.294330950988E-05
  0.360236211572E-01  0.334477198074E-05
  0.371950194493E-01  0.380095905870E-05
  0.384045086916E-01  0.431932319019E-05
  0.396533275067E-01  0.490833017133E-05
  0.409427547943E-01  0.557759661460E-05
  0.422741110405E-01  0.633804599488E-05
  0.436487596705E-01  0.720208577180E-05
  0.450681084447E-01  0.818380841700E-05
  0.465336109001E-01  0.929921955165E-05
  0.480467678394E-01  0.105664968241E-04
  0.496091288676E-01  0.120062836387E-04
  0.512222939787E-01  0.136420223891E-04
  0.528879151949E-01  0.155003324638E-04
  0.546076982578E-01  0.176114389835E-04
  0.563834043756E-01  0.200096590108E-04
  0.582168520265E-01  0.227339528555E-04
  0.601099188211E-01  0.258285490918E-04
  0.620645434253E-01  0.293436530216E-04
  0.640827275454E-01  0.333362495814E-04
  0.661665379783E-01  0.378710131047E-04
  0.683181087280E-01  0.430213379493E-04
  0.705396431910E-01  0.488705057869E-04
  0.728334164127E-01  0.555130073645E-04
  0.752017774173E-01  0.630560387985E-04
  0.776471516134E-01  0.716211949904E-04
  0.801720432779E-01  0.813463855738E-04
  0.827790381206E-01  0.923880019632E-04
  0.854708059318E-01  0.104923367594E-03
  0.882501033171E-01  0.119153507374E-03
  0.911197765199E-01  0.135306276734E-03
  0.940827643363E-01  0.153639895509E-03
  0.971421011247E-01  0.174446937283E-03
  0.100300919913E+00  0.198058830750E-03
  0.103562455609E+00  0.224850936234E-03
  0.106930048308E+00  0.255248267727E-03
  0.110407146722E+00  0.289731938743E-03
  0.113997311701E+00  0.328846418947E-03
  0.117704219889E+00  0.373207697979E-03
  0.121531667484E+00  0.423512463162E-03
  0.125483574126E+00  0.480548408812E-03
  0.129563986913E+00  0.545205806819E-03
  0.133777084545E+00  0.618490480781E-03
  0.138127181601E+00  0.701538339436E-03
  0.142618732962E+00  0.795631639173E-03
  0.147256338367E+00  0.902217159986E-03
  0.152044747131E+00  0.102292649412E-02
  0.156988863003E+00  0.115959866157E-02
  0.162093749188E+00  0.131430528130E-02
  0.167364633538E+00  0.148937854066E-02
  0.172806913897E+00  0.168744221814E-02
  0.178426163636E+00  0.191144602474E-02
  0.184228137359E+00  0.216470353611E-02
  0.190218776792E+00  0.245093399074E-02
  0.196404216876E+00  0.277430822577E-02
  0.202790792040E+00  0.313949901149E-02
  0.209385042696E+00  0.355173602457E-02
  0.216193721933E+00  0.401686566647E-02
  0.223223802433E+00  0.454141588435E-02
  0.230482483613E+00  0.513266608258E-02
  0.237977198996E+00  0.579872212006E-02
  0.245715623827E+00  0.654859626572E-02
  0.253705682928E+00  0.739229182701E-02
  0.261955558819E+00  0.834089196550E-02
  0.270473700092E+00  0.940665196344E-02
  0.279268830070E+00  0.106030938952E-01
  0.288349955733E+00  0.119451022794E-01
  0.297726376949E+00  0.134490188287E-01
  0.307407695991E+00  0.151327338673E-01
  0.317403827376E+00  0.170157713337E-01
  0.327725008016E+00  0.191193635230E-01
  0.338381807703E+00  0.214665108333E-01
  0.349385139930E+00  0.240820207591E-01
  0.360746273072E+00  0.269925192125E-01
  0.372476841920E+00  0.302264259494E-01
  0.384588859603E+00  0.338138844379E-01
  0.397094729886E+00  0.377866349489E-01
  0.410007259871E+00  0.421778179894E-01
  0.423339673119E+00  0.470216934981E-01
  0.437105623186E+00  0.523532595337E-01
  0.451319207607E+00  0.582077526113E-01
  0.465994982334E+00  0.646200105027E-01
  0.481147976645E+00  0.716236773931E-01
  0.496793708528E+00  0.792502309887E-01
  0.512948200580E+00  0.875278117864E-01
  0.529627996414E+00  0.964798365763E-01
  0.546850177597E+00  0.106123381780E+00
  0.564632381148E+00  0.116467327895E+00
  0.582992817598E+00  0.127510264678E+00
  0.601950289637E+00  0.139238168359E+00
  0.621524211373E+00  0.151621877723E+00
  0.641734628214E+00  0.164614416008E+00
  0.662602237391E+00  0.178148230665E+00
  0.684148409161E+00  0.192132453501E+00
  0.706395208685E+00  0.206450319598E+00
  0.729365418631E+00  0.220956924142E+00
  0.753082562501E+00  0.235477540727E+00
  0.777570928722E+00  0.249806770638E+00
  0.802855595522E+00  0.263708836571E+00
  0.828962456609E+00  0.276919371055E+00
  0.855918247689E+00  0.289149072537E+00
  0.883750573849E+00  0.300089601289E+00
  0.912487937823E+00  0.309422051518E+00
  0.942159769182E+00  0.316828251660E+00
  0.972796454474E+00  0.322004996602E+00
  0.100442936834E+01  0.324681088209E+00
  0.103709090566E+01  0.324636740750E+00
  0.107081451468E+01  0.321724487374E+00
  0.110563473135E+01  0.315890204790E+00
  0.114158721459E+01  0.307192273511E+00
  0.117870878289E+01  0.295816251994E+00
  0.121703745200E+01  0.282081837725E+00
  0.125661247380E+01  0.266438429168E+00
  0.129747437658E+01  0.249445446486E+00
  0.133966500650E+01  0.231733917167E+00
  0.138322757046E+01  0.213946920046E+00
  0.142820668032E+01  0.196658550560E+00
  0.147464839863E+01  0.180274324902E+00
  0.152260028575E+01  0.164933873550E+00
  0.157211144862E+01  0.150607595590E+00
  0.162323259099E+01  0.137257362056E+00
  0.167601606538E+01  0.124841715604E+00
  0.173051592668E+01  0.113316777024E+00
  0.178678798750E+01  0.102637525970E+00
  0.184488987537E+01  0.927589383084E-01
  0.190488109168E+01  0.836368058727E-01
  0.196682307268E+01  0.752282311405E-01
  0.203077925238E+01  0.674918698051E-01
  0.209681512749E+01  0.603880423112E-01
  0.216499832452E+01  0.538787549714E-01
  0.223539866903E+01  0.479276995642E-01
  0.230808825711E+01  0.425002314373E-01
  0.238314152925E+01  0.375633261623E-01
  0.246063534657E+01  0.330855070922E-01
  0.254064906951E+01  0.290367357208E-01
  0.262326463911E+01  0.253882665441E-01
  0.270856666092E+01  0.221124791943E-01
  0.279664249169E+01  0.191827126837E-01
  0.288758232875E+01  0.165731308764E-01
  0.298147930244E+01  0.142586427632E-01
  0.307842957148E+01  0.122148884479E-01
  0.317853242140E+01  0.104182866596E-01
  0.328189036628E+01  0.884612813819E-02
  0.338860925367E+01  0.747669354448E-02
  0.349879837306E+01  0.628937499666E-02
  0.361257056771E+01  0.526478377999E-02
  0.373004235031E+01  0.438483254295E-02
  0.385133402223E+01  0.363278572704E-02
  0.397656979673E+01  0.299327680551E-02
  0.410587792619E+01  0.245229464639E-02
  0.423939083344E+01  0.199714392268E-02
  0.437724524735E+01  0.161638596995E-02
  0.451958234291E+01  0.129976687113E-02
  0.466654788572E+01  0.103813894827E-02
  0.481829238135E+01  0.823380521475E-03
  0.497497122942E+01  0.648317141262E-03
  0.513674488277E+01  0.506645917309E-03
&