& Pb  2  422 a ! ZNUL LDIM  NMAX
& T T F F 
& 0.0  0.0  0.0  0.0
& 0 = L
  0.687732028097E-04  0.171334870329E-03
  0.710095357969E-04  0.176906252842E-03
  0.733185887539E-04  0.182658802812E-03
  0.757027263526E-04  0.188598411352E-03
  0.781643901584E-04  0.194731161139E-03
  0.807061011301E-04  0.201063332644E-03
  0.833304622017E-04  0.207601410563E-03
  0.860401609484E-04  0.214352090459E-03
  0.888379723385E-04  0.221322285618E-03
  0.917267615753E-04  0.228519134126E-03
  0.947094870315E-04  0.235950006184E-03
  0.977892032785E-04  0.243622511655E-03
  0.100969064215E-03  0.251544507851E-03
  0.104252326296E-03  0.259724107590E-03
  0.107642351870E-03  0.268169687493E-03
  0.111142612618E-03  0.276889896571E-03
  0.114756693113E-03  0.285893665078E-03
  0.118488294490E-03  0.295190213657E-03
  0.122341238235E-03  0.304789062786E-03
  0.126319470098E-03  0.314700042520E-03
  0.130427064137E-03  0.324933302567E-03
  0.134668226887E-03  0.335499322677E-03
  0.139047301669E-03  0.346408923373E-03
  0.143568773039E-03  0.357673277036E-03
  0.148237271378E-03  0.369303919345E-03
  0.153057577636E-03  0.381312761090E-03
  0.158034628229E-03  0.393712100368E-03
  0.163173520091E-03  0.406514635181E-03
  0.168479515896E-03  0.419733476437E-03
  0.173958049448E-03  0.433382161379E-03
  0.179614731244E-03  0.447474667445E-03
  0.185455354220E-03  0.462025426584E-03
  0.191485899685E-03  0.477049340037E-03
  0.197712543444E-03  0.492561793595E-03
  0.204141662124E-03  0.508578673353E-03
  0.210779839705E-03  0.525116381986E-03
  0.217633874261E-03  0.542191855538E-03
  0.224710784922E-03  0.559822580773E-03
  0.232017819063E-03  0.578026613078E-03
  0.239562459725E-03  0.596822594955E-03
  0.247352433280E-03  0.616229775113E-03
  0.255395717341E-03  0.636268028180E-03
  0.263700548935E-03  0.656957875055E-03
  0.272275432934E-03  0.678320503922E-03
  0.281129150769E-03  0.700377791954E-03
  0.290270769420E-03  0.723152327708E-03
  0.299709650705E-03  0.746667434267E-03
  0.309455460862E-03  0.770947193116E-03
  0.319518180452E-03  0.796016468809E-03
  0.329908114580E-03  0.821900934430E-03
  0.340635903446E-03  0.848627097883E-03
  0.351712533243E-03  0.876222329041E-03
  0.363149347409E-03  0.904714887770E-03
  0.374958058240E-03  0.934133952874E-03
  0.387150758888E-03  0.964509651973E-03
  0.399739935744E-03  0.995873092357E-03
  0.412738481225E-03  0.102825639284E-02
  0.426159706978E-03  0.106169271666E-02
  0.440017357510E-03  0.109621630541E-02
  0.454325624267E-03  0.113186251416E-02
  0.469099160165E-03  0.116866784761E-02
  0.484353094594E-03  0.120666999748E-02
  0.500103048917E-03  0.124590788115E-02
  0.516365152463E-03  0.128642168146E-02
  0.533156059048E-03  0.132825288790E-02
  0.550492964027E-03  0.137144433905E-02
  0.568393621905E-03  0.141604026652E-02
  0.586876364520E-03  0.146208634017E-02
  0.605960119817E-03  0.150962971492E-02
  0.625664431228E-03  0.155871907904E-02
  0.646009477690E-03  0.160940470397E-02
  0.667016094308E-03  0.166173849587E-02
  0.688705793693E-03  0.171577404868E-02
  0.711100787993E-03  0.177156669909E-02
  0.734224011639E-03  0.182917358313E-02
  0.758099144833E-03  0.188865369476E-02
  0.782750637796E-03  0.195006794618E-02
  0.808203735814E-03  0.201347923029E-02
  0.834484505081E-03  0.207895248506E-02
  0.861619859402E-03  0.214655476001E-02
  0.889637587751E-03  0.221635528488E-02
  0.918566382730E-03  0.228842554055E-02
  0.948435869953E-03  0.236283933215E-02
  0.979276638386E-03  0.243967286474E-02
  0.101112027167E-02  0.251900482126E-02
  0.104399938047E-02  0.260091644313E-02
  0.107794763586E-02  0.268549161342E-02
  0.111299980383E-02  0.277281694275E-02
  0.114919178085E-02  0.286298185797E-02
  0.118656063069E-02  0.295607869373E-02
  0.122514462229E-02  0.305220278700E-02
  0.126498326904E-02  0.315145257469E-02
  0.130611736920E-02  0.325392969443E-02
  0.134858904769E-02  0.335973908866E-02
  0.139244179920E-02  0.346898911202E-02
  0.143772053279E-02  0.358179164233E-02
  0.148447161784E-02  0.369826219511E-02
  0.153274293155E-02  0.381852004183E-02
  0.158258390796E-02  0.394268833202E-02
  0.163404558858E-02  0.407089421934E-02
  0.168718067468E-02  0.420326899176E-02
  0.174204358122E-02  0.433994820593E-02
  0.179869049261E-02  0.448107182596E-02
  0.185717942025E-02  0.462678436666E-02
  0.191757026190E-02  0.477723504150E-02
  0.197992486306E-02  0.493257791531E-02
  0.204430708030E-02  0.509297206197E-02
  0.211078284663E-02  0.525858172721E-02
  0.217942023905E-02  0.542957649671E-02
  0.225028954823E-02  0.560613146967E-02
  0.232346335055E-02  0.578842743795E-02
  0.239901658238E-02  0.597665107109E-02
  0.247702661683E-02  0.617099510734E-02
  0.255757334298E-02  0.637165855083E-02
  0.264073924773E-02  0.657884687519E-02
  0.272660950022E-02  0.679277223374E-02
  0.281527203911E-02  0.701365367654E-02
  0.290681766258E-02  0.724171737444E-02
  0.300134012134E-02  0.747719685045E-02
  0.309893621466E-02  0.772033321849E-02
  0.319970588946E-02  0.797137543005E-02
  0.330375234270E-02  0.823058052872E-02
  0.341118212703E-02  0.849821391300E-02
  0.352210525994E-02  0.877454960764E-02
  0.363663533642E-02  0.905987054376E-02
  0.375488964526E-02  0.935446884800E-02
  0.387698928922E-02  0.965864614113E-02
  0.400305930900E-02  0.997271384620E-02
  0.413322881132E-02  0.102969935067E-01
  0.426763110112E-02  0.106318171152E-01
  0.440640381809E-02  0.109775274521E-01
  0.454968907762E-02  0.113344784361E-01
  0.469763361634E-02  0.117030354850E-01
  0.485038894238E-02  0.120835758893E-01
  0.500811149055E-02  0.124764891969E-01
  0.517096278251E-02  0.128821776105E-01
  0.533910959222E-02  0.133010563983E-01
  0.551272411671E-02  0.137335543169E-01
  0.569198415242E-02  0.141801140489E-01
  0.587707327729E-02  0.146411926540E-01
  0.606818103877E-02  0.151172620346E-01
  0.626550314789E-02  0.156088094164E-01
  0.646924167974E-02  0.161163378447E-01
  0.667960528038E-02  0.166403666964E-01
  0.689680938052E-02  0.171814322081E-01
  0.712107641614E-02  0.177400880220E-01
  0.735263605628E-02  0.183169057479E-01
  0.759172543825E-02  0.189124755446E-01
  0.783858941046E-02  0.195274067191E-01
  0.809348078320E-02  0.201623283445E-01
  0.835666058750E-02  0.208178898986E-01
  0.862839834249E-02  0.214947619219E-01
  0.890897233137E-02  0.221936366968E-01
  0.919866988642E-02  0.229152289486E-01
  0.949778768325E-02  0.236602765680E-01
  0.980663204462E-02  0.244295413572E-01
  0.101255192542E-01  0.252238097985E-01
  0.104547758802E-01  0.260438938481E-01
  0.107947391104E-01  0.268906317544E-01
  0.111457570967E-01  0.277648889012E-01
  0.115081893122E-01  0.286675586782E-01
  0.118824069192E-01  0.295995633782E-01
  0.122687931492E-01  0.305618551220E-01
  0.126677436955E-01  0.315554168116E-01
  0.130796671184E-01  0.325812631138E-01
  0.135049852633E-01  0.336404414725E-01
  0.139441336932E-01  0.347340331531E-01
  0.143975621346E-01  0.358631543184E-01
  0.148657349377E-01  0.370289571363E-01
  0.153491315524E-01  0.382326309220E-01
  0.158482470190E-01  0.394754033137E-01
  0.163635924756E-01  0.407585414833E-01
  0.168956956807E-01  0.420833533832E-01
  0.174451015546E-01  0.434511890297E-01
  0.180123727370E-01  0.448634418237E-01
  0.185980901630E-01  0.463215499094E-01
  0.192028536585E-01  0.478269975726E-01
  0.198272825543E-01  0.493813166779E-01
  0.204720163199E-01  0.509860881473E-01
  0.211377152192E-01  0.526429434789E-01
  0.218250609860E-01  0.543535663080E-01
  0.225347575224E-01  0.561196940105E-01
  0.232675316197E-01  0.579431193488E-01
  0.240241337025E-01  0.598256921614E-01
  0.248053385977E-01  0.617693210962E-01
  0.256119463271E-01  0.637759753875E-01
  0.264447829277E-01  0.658476866776E-01
  0.273047012968E-01  0.679865508823E-01
  0.281925820661E-01  0.701947301011E-01
  0.291093345030E-01  0.724744545706E-01
  0.300558974421E-01  0.748280246629E-01
  0.310332402466E-01  0.772578129252E-01
  0.320423638010E-01  0.797662661637E-01
  0.330843015359E-01  0.823559075667E-01
  0.341601204866E-01  0.850293388692E-01
  0.352709223857E-01  0.877892425549E-01
  0.364178447915E-01  0.906383840948E-01
  0.376020622527E-01  0.935796142197E-01
  0.388247875115E-01  0.966158712241E-01
  0.400872727454E-01  0.997501832974E-01
  0.413908108496E-01  0.102985670880E+00
  0.427367367610E-01  0.106325549039E+00
  0.441264288253E-01  0.109773129858E+00
  0.455613102087E-01  0.113331824837E+00
  0.470428503551E-01  0.117005147293E+00
  0.485725664911E-01  0.120796714760E+00
  0.501520251797E-01  0.124710251367E+00
  0.517828439245E-01  0.128749590205E+00
  0.534666928266E-01  0.132918675648E+00
  0.552052962942E-01  0.137221565637E+00
  0.570004348093E-01  0.141662433905E+00
  0.588539467506E-01  0.146245572118E+00
  0.607677302763E-01  0.150975391938E+00
  0.627437452680E-01  0.155856426968E+00
  0.647840153376E-01  0.160893334565E+00
  0.668906299000E-01  0.166090897507E+00
  0.690657463126E-01  0.171454025470E+00
  0.713115920848E-01  0.176987756302E+00
  0.736304671587E-01  0.182697257055E+00
  0.760247462651E-01  0.188587824738E+00
  0.784968813551E-01  0.194664886758E+00
  0.810494041110E-01  0.200934001001E+00
  0.836849285392E-01  0.207400855502E+00
  0.864061536469E-01  0.214071267664E+00
  0.892158662065E-01  0.220951182954E+00
  0.921169436092E-01  0.228046673012E+00
  0.951123568117E-01  0.235363933123E+00
  0.982051733789E-01  0.242909278942E+00
  0.101398560625E+00  0.250689142416E+00
  0.104695788858E+00  0.258710066791E+00
  0.108100234728E+00  0.266978700612E+00
  0.111615384684E+00  0.275501790592E+00
  0.115244838548E+00  0.284286173248E+00
  0.118992313197E+00  0.293338765140E+00
  0.122861646372E+00  0.302666551591E+00
  0.126856800610E+00  0.312276573718E+00
  0.130981867297E+00  0.322175913595E+00
  0.135241070862E+00  0.332371677366E+00
  0.139638773101E+00  0.342870976091E+00
  0.144179477646E+00  0.353680904117E+00
  0.148867834575E+00  0.364808514705E+00
  0.153708645176E+00  0.376260792668E+00
  0.158706866861E+00  0.388044623737E+00
  0.163867618246E+00  0.400166760322E+00
  0.169196184391E+00  0.412633783370E+00
  0.174698022215E+00  0.425452059931E+00
  0.180378766079E+00  0.438627696078E+00
  0.186244233562E+00  0.452166484742E+00
  0.192300431415E+00  0.466073848059E+00
  0.198553561714E+00  0.480354773732E+00
  0.205010028210E+00  0.495013744945E+00
  0.211676442890E+00  0.510054663286E+00
  0.218559632744E+00  0.525480764151E+00
  0.225666646762E+00  0.541294524059E+00
  0.233004763145E+00  0.557497559272E+00
  0.240581496767E+00  0.574090515128E+00
  0.248404606864E+00  0.591072945457E+00
  0.256482104986E+00  0.608443181446E+00
  0.264822263195E+00  0.626198189328E+00
  0.273433622544E+00  0.644333416269E+00
  0.282325001815E+00  0.662842623860E+00
  0.291505506559E+00  0.681717708658E+00
  0.300984538415E+00  0.700948509251E+00
  0.310771804740E+00  0.720522599446E+00
  0.320877328549E+00  0.740425067232E+00
  0.331311458783E+00  0.760638279347E+00
  0.342084880902E+00  0.781141631414E+00
  0.353208627831E+00  0.801911283847E+00
  0.364694091260E+00  0.822919883992E+00
  0.376553033308E+00  0.844136275256E+00
  0.388797598566E+00  0.865525194416E+00
  0.401440326540E+00  0.887046958698E+00
  0.414494164488E+00  0.908657144818E+00
  0.427972480680E+00  0.930306262766E+00
  0.441889078091E+00  0.951939427894E+00
  0.456258208533E+00  0.973496035694E+00
  0.471094587249E+00  0.994909444670E+00
  0.486413407989E+00  0.101610667379E+01
  0.502230358564E+00  0.103700812228E+01
  0.518561636913E+00  0.105752732094E+01
  0.535423967692E+00  0.107757072566E+01
  0.552834619402E+00  0.109703756558E+01
  0.570811422071E+00  0.111581976007E+01
  0.589372785517E+00  0.113380192078E+01
  0.608537718197E+00  0.115086145674E+01
  0.628325846676E+00  0.116686880285E+01
  0.648757435729E+00  0.118168779379E+01
  0.669853409087E+00  0.119517620737E+01
  0.691635370871E+00  0.120718650274E+01
  0.714125627712E+00  0.121756678019E+01
  0.737347211600E+00  0.122616198954E+01
  0.761323903465E+00  0.123281541385E+01
  0.786080257535E+00  0.123737045356E+01
  0.811641626479E+00  0.123967273288E+01
  0.838034187374E+00  0.123957254526E+01
  0.865284968508E+00  0.123692764714E+01
  0.893421877062E+00  0.123160639835E+01
  0.922473727689E+00  0.122349123352E+01
  0.952470272023E+00  0.121248243014E+01
  0.983442229146E+00  0.119850211581E+01
  0.101542131705E+01  0.118149842806E+01
  0.104844028511E+01  0.116144970584E+01
  0.108253294765E+01  0.113836855065E+01
  0.111773421852E+01  0.111230554881E+01
  0.115408014690E+01  0.108335239395E+01
  0.119160795419E+01  0.105164409273E+01
  0.123035607217E+01  0.101735987878E+01
  0.127036418227E+01  0.980722403482E+00
  0.131167325631E+01  0.941994723076E+00
  0.135432559838E+01  0.901474565571E+00
  0.139836488821E+01  0.859485348710E+00
  0.144383622588E+01  0.816363442068E+00
  0.149078617801E+01  0.772441237537E+00
  0.153926282547E+01  0.728025729092E+00
  0.158931581256E+01  0.683372523923E+00
  0.164099639793E+01  0.638655617684E+00
  0.169435750700E+01  0.594006693061E+00
  0.174945378622E+01  0.549749550879E+00
  0.180634165900E+01  0.506243614974E+00
  0.186507938348E+01  0.463817366228E+00
  0.192572711222E+01  0.422764870939E+00
  0.198834695381E+01  0.383342850454E+00
  0.205300303643E+01  0.345768444988E+00
  0.211976157356E+01  0.310217804927E+00
  0.218869093177E+01  0.276825595789E+00
  0.225986170076E+01  0.245685450564E+00
  0.233334676560E+01  0.216851326612E+00
  0.240922138143E+01  0.190339686554E+00
  0.248756325048E+01  0.166132399954E+00
  0.256845260168E+01  0.144180218232E+00
  0.265197227278E+01  0.124406698946E+00
  0.273820779523E+01  0.106712454121E+00
  0.282724748173E+01  0.909796238607E-01
  0.291918251672E+01  0.770765285675E-01
  0.301410704970E+01  0.648625460041E-01
  0.311211829167E+01  0.541933699283E-01
  0.321331661473E+01  0.449267679711E-01
  0.331780565480E+01  0.369283558739E-01
  0.342569241778E+01  0.300755647988E-01
  0.353708738915E+01  0.242573968568E-01
  0.365210464709E+01  0.193700789162E-01
  0.377086197933E+01  0.153122872342E-01
  0.389348100375E+01  0.119833294075E-01
  0.402008729294E+01  0.928444508519E-02
  0.415081050282E+01  0.712148153907E-02
  0.428578450536E+01  0.540740950727E-02
  0.442514752575E+01  0.406400161848E-02
  0.456904228390E+01  0.302260055217E-02
  0.471761614060E+01  0.222415864682E-02
  0.487102124848E+01  0.161877996316E-02
  0.502941470777E+01  0.116496307044E-02
  0.519295872721E+01  0.828691274196E-03
  0.536182079017E+01  0.582470848310E-03
  0.553617382616E+01  0.404382917922E-03
  0.571619638792E+01  0.277190006507E-03
  0.590207283429E+01  0.187521302444E-03
  0.609399351899E+01  0.125149029338E-03
  0.629215498558E+01  0.823602029992E-04
  0.649676016870E+01  0.534224177146E-04
  0.670801860195E+01  0.341384412657E-04
  0.692614663243E+01  0.214818845103E-04
  0.715136764229E+01  0.133047298921E-04
  0.738391227754E+01  0.810690307469E-05
  0.762401868420E+01  0.485654951869E-05
  0.787193275221E+01  0.285868001478E-05
  0.812790836724E+01  0.165243254962E-05
  0.839220767069E+01  0.937452956545E-06
  0.866510132814E+01  0.521652278750E-06
  0.894686880655E+01  0.284543053384E-06
  0.923779866043E+01  0.152044348215E-06
  0.953818882738E+01  0.795350753881E-07
  0.984834693318E+01  0.407018574588E-07
  0.101685906068E+02  0.203623495180E-07
  0.104992478058E+02  0.995131373488E-08
  0.108406571521E+02  0.474724892397E-08
  0.111931682785E+02  0.220887916986E-08
  0.115571421874E+02  0.100165555166E-08
  0.119329516198E+02  0.442300998505E-09
  0.123209814374E+02  0.190018206417E-09
  0.127216290166E+02  0.793528881140E-10
  0.131353046557E+02  0.321825393484E-10
  0.135624319945E+02  0.126635280886E-10
  0.140034484488E+02  0.482991309910E-11
  0.144588056580E+02  0.178374839043E-11
  0.149289699477E+02  0.637210226111E-12
  0.154144228072E+02  0.219946561609E-12
  0.159156613826E+02  0.732743755920E-13
  0.164331989861E+02  0.235335310058E-13
  0.169675656213E+02  0.727788846281E-14
  0.175193085264E+02  0.216458000303E-14
  0.180889927343E+02  0.618359763769E-15
  0.186772016515E+02  0.169449296546E-15
  0.192845376553E+02  0.444818269964E-16
  0.199116227108E+02  0.111702845286E-16
  0.205590990080E+02  0.267953648657E-17
  0.212276296190E+02  0.613089644116E-18
  0.219178991778E+02  0.133595431685E-18
  0.226306145806E+02  0.276806211213E-19
  0.233665057102E+02  0.544462714463E-20
  0.241263261836E+02  0.101493366575E-20
  0.249108541233E+02  0.178990714438E-21
  0.257208929544E+02  0.298104969714E-22
  0.265572722275E+02  0.468006803333E-23
  0.274208484681E+02  0.691278326153E-24
  0.283125060536E+02  0.958781516697E-25
  0.292331581194E+02  0.124616460784E-25
  0.301837474936E+02  0.151530184533E-26
  0.311652476629E+02  0.178582359504E-27
  0.321786637691E+02  0.000000000000E+00
  0.332250336389E+02  0.000000000000E+00
  0.343054288465E+02  0.000000000000E+00
  0.354209558111E+02  0.000000000000E+00
  0.365727569295E+02  0.000000000000E+00
  0.377620117470E+02  0.000000000000E+00
  0.389899381643E+02  0.000000000000E+00
  0.402577936855E+02  0.000000000000E+00
  0.415668767052E+02  0.000000000000E+00
  0.429185278390E+02  0.000000000000E+00
  0.443141312957E+02  0.000000000000E+00
  0.457551162952E+02  0.000000000000E+00
  0.472429585320E+02  0.000000000000E+00
  0.487791816867E+02  0.000000000000E+00
& 1 = L
  0.687732028097E-04  0.850015468164E-08
  0.710095357969E-04  0.906195029220E-08
  0.733185887539E-04  0.966087632198E-08
  0.757027263526E-04  0.102993868094E-07
  0.781643901584E-04  0.109800979862E-07
  0.807061011301E-04  0.117057989971E-07
  0.833304622017E-04  0.124794633281E-07
  0.860401609484E-04  0.133042609900E-07
  0.888379723385E-04  0.141835715072E-07
  0.917267615753E-04  0.151209977650E-07
  0.947094870315E-04  0.161203807721E-07
  0.977892032785E-04  0.171858153984E-07
  0.100969064215E-03  0.183216671538E-07
  0.104252326296E-03  0.195325900751E-07
  0.107642351870E-03  0.208235457957E-07
  0.111142612618E-03  0.221998238749E-07
  0.114756693113E-03  0.236670634720E-07
  0.118488294490E-03  0.252312764515E-07
  0.122341238235E-03  0.268988720167E-07
  0.126319470098E-03  0.286766829704E-07
  0.130427064137E-03  0.305719937115E-07
  0.134668226887E-03  0.325925700825E-07
  0.139047301669E-03  0.347466911889E-07
  0.143568773039E-03  0.370431833221E-07
  0.148237271378E-03  0.394914561241E-07
  0.153057577636E-03  0.421015411427E-07
  0.158034628229E-03  0.448841329347E-07
  0.163173520091E-03  0.478506328857E-07
  0.168479515896E-03  0.510131959260E-07
  0.173958049448E-03  0.543847803345E-07
  0.179614731244E-03  0.579792008333E-07
  0.185455354220E-03  0.618111851929E-07
  0.191485899685E-03  0.658964345769E-07
  0.197712543444E-03  0.702516878765E-07
  0.204141662124E-03  0.748947902959E-07
  0.210779839705E-03  0.798447664715E-07
  0.217633874261E-03  0.851218984231E-07
  0.224710784922E-03  0.907478086576E-07
  0.232017819063E-03  0.967455487649E-07
  0.239562459725E-03  0.103139693869E-06
  0.247352433280E-03  0.109956443322E-06
  0.255395717341E-03  0.117223728055E-06
  0.263700548935E-03  0.124971325017E-06
  0.272275432934E-03  0.133230979191E-06
  0.281129150769E-03  0.142036533658E-06
  0.290270769420E-03  0.151424068268E-06
  0.299709650705E-03  0.161432047476E-06
  0.309455460862E-03  0.172101477942E-06
  0.319518180452E-03  0.183476076553E-06
  0.329908114580E-03  0.195602449548E-06
  0.340635903446E-03  0.208530283484E-06
  0.351712533243E-03  0.222312548818E-06
  0.363149347409E-03  0.237005716948E-06
  0.374958058240E-03  0.252669991600E-06
  0.387150758888E-03  0.269369555507E-06
  0.399739935744E-03  0.287172833387E-06
  0.412738481225E-03  0.306152772308E-06
  0.426159706978E-03  0.326387140580E-06
  0.440017357510E-03  0.347958846401E-06
  0.454325624267E-03  0.370956277564E-06
  0.469099160165E-03  0.395473663618E-06
  0.484353094594E-03  0.421611461958E-06
  0.500103048917E-03  0.449476769442E-06
  0.516365152463E-03  0.479183761206E-06
  0.533156059048E-03  0.510854158480E-06
  0.550492964027E-03  0.544617727330E-06
  0.568393621905E-03  0.580612810357E-06
  0.586876364520E-03  0.618986893539E-06
  0.605960119817E-03  0.659897210535E-06
  0.625664431228E-03  0.703511386932E-06
  0.646009477690E-03  0.750008127066E-06
  0.667016094308E-03  0.799577946244E-06
  0.688705793693E-03  0.852423951352E-06
  0.711100787993E-03  0.908762673060E-06
  0.734224011639E-03  0.968824953025E-06
  0.758099144833E-03  0.103285688973E-05
  0.782750637796E-03  0.110112084685E-05
  0.808203735814E-03  0.117389652824E-05
  0.834484505081E-03  0.125148212397E-05
  0.861619859402E-03  0.133419553213E-05
  0.889637587751E-03  0.142237566138E-05
  0.918566382730E-03  0.151638381952E-05
  0.948435869953E-03  0.161660519398E-05
  0.979276638386E-03  0.172345042998E-05
  0.101112027167E-02  0.183735731312E-05
  0.104399938047E-02  0.195879256312E-05
  0.107794763586E-02  0.208825374613E-05
  0.111299980383E-02  0.222627131341E-05
  0.114919178085E-02  0.237341077475E-05
  0.118656063069E-02  0.253027501556E-05
  0.122514462229E-02  0.269750676703E-05
  0.126498326904E-02  0.287579123964E-05
  0.130611736920E-02  0.306585893062E-05
  0.134858904769E-02  0.326848861703E-05
  0.139244179920E-02  0.348451054663E-05
  0.143772053279E-02  0.371480983956E-05
  0.148447161784E-02  0.396033011501E-05
  0.153274293155E-02  0.422207735735E-05
  0.158258390796E-02  0.450112403796E-05
  0.163404558858E-02  0.479861350937E-05
  0.168718067468E-02  0.511576468979E-05
  0.174204358122E-02  0.545387705729E-05
  0.179869049261E-02  0.581433597402E-05
  0.185717942025E-02  0.619861836224E-05
  0.191757026190E-02  0.660829875554E-05
  0.197992486306E-02  0.704505574990E-05
  0.204430708030E-02  0.751067888116E-05
  0.211078284663E-02  0.800707595690E-05
  0.217942023905E-02  0.853628087289E-05
  0.225028954823E-02  0.910046194616E-05
  0.232346335055E-02  0.970193079865E-05
  0.239901658238E-02  0.103431518280E-04
  0.247702661683E-02  0.110267523041E-04
  0.255757334298E-02  0.117555331333E-04
  0.264073924773E-02  0.125324803329E-04
  0.272660950022E-02  0.133607772654E-04
  0.281527203911E-02  0.142438176797E-04
  0.290681766258E-02  0.151852196151E-04
  0.300134012134E-02  0.161888402239E-04
  0.309893621466E-02  0.172587915729E-04
  0.319970588946E-02  0.183994574896E-04
  0.330375234270E-02  0.196155115215E-04
  0.341118212703E-02  0.209119360818E-04
  0.352210525994E-02  0.222940428603E-04
  0.363663533642E-02  0.237674945833E-04
  0.375488964526E-02  0.253383282103E-04
  0.387698928922E-02  0.270129796643E-04
  0.400305930900E-02  0.287983101958E-04
  0.413322881132E-02  0.307016344879E-04
  0.426763110112E-02  0.327307506195E-04
  0.440640381809E-02  0.348939720066E-04
  0.454968907762E-02  0.372001614553E-04
  0.469763361634E-02  0.396587674628E-04
  0.485038894238E-02  0.422798629179E-04
  0.500811149055E-02  0.450741863566E-04
  0.517096278251E-02  0.480531859440E-04
  0.533910959222E-02  0.512290663605E-04
  0.551272411671E-02  0.546148387856E-04
  0.569198415242E-02  0.582243741820E-04
  0.587707327729E-02  0.620724600997E-04
  0.606818103877E-02  0.661748612309E-04
  0.626550314789E-02  0.705483839644E-04
  0.646924167974E-02  0.752109452021E-04
  0.667960528038E-02  0.801816457199E-04
  0.689680938052E-02  0.854808483724E-04
  0.712107641614E-02  0.911302614602E-04
  0.735263605628E-02  0.971530276017E-04
  0.759172543825E-02  0.103573818471E-03
  0.783858941046E-02  0.110418935789E-03
  0.809348078320E-02  0.117716418979E-03
  0.835666058750E-02  0.125496159932E-03
  0.862839834249E-02  0.133790025338E-03
  0.890897233137E-02  0.142631987091E-03
  0.919866988642E-02  0.152058261303E-03
  0.949778768325E-02  0.162107456483E-03
  0.980663204462E-02  0.172820731485E-03
  0.101255192542E-01  0.184241963887E-03
  0.104547758802E-01  0.196417929456E-03
  0.107947391104E-01  0.209398493458E-03
  0.111457570967E-01  0.223236814570E-03
  0.115081893122E-01  0.237989562238E-03
  0.118824069192E-01  0.253717148356E-03
  0.122687931492E-01  0.270483974202E-03
  0.126677436955E-01  0.288358693650E-03
  0.130796671184E-01  0.307414493709E-03
  0.135049852633E-01  0.327729393528E-03
  0.139441336932E-01  0.349386563094E-03
  0.143975621346E-01  0.372474662887E-03
  0.148657349377E-01  0.397088205889E-03
  0.153491315524E-01  0.423327943393E-03
  0.158482470190E-01  0.451301276180E-03
  0.163635924756E-01  0.481122692715E-03
  0.168956956807E-01  0.512914236128E-03
  0.174451015546E-01  0.546806001863E-03
  0.180123727370E-01  0.582936667989E-03
  0.185980901630E-01  0.621454060306E-03
  0.192028536585E-01  0.662515754501E-03
  0.198272825543E-01  0.706289717782E-03
  0.204720163199E-01  0.752954992525E-03
  0.211377152192E-01  0.802702424695E-03
  0.218250609860E-01  0.855735439905E-03
  0.225347575224E-01  0.912270870225E-03
  0.232675316197E-01  0.972539834999E-03
  0.240241337025E-01  0.103678867917E-02
  0.248053385977E-01  0.110527997279E-02
  0.256119463271E-01  0.117829357571E-02
  0.264447829277E-01  0.125612777153E-02
  0.273047012968E-01  0.133910047533E-02
  0.281925820661E-01  0.142755051989E-02
  0.291093345030E-01  0.152183902533E-02
  0.300558974421E-01  0.162235085759E-02
  0.310332402466E-01  0.172949618121E-02
  0.320423638010E-01  0.184371211264E-02
  0.330843015359E-01  0.196546448006E-02
  0.341601204866E-01  0.209524969677E-02
  0.352709223857E-01  0.223359675497E-02
  0.364178447915E-01  0.238106934762E-02
  0.376020622527E-01  0.253826812620E-02
  0.388247875115E-01  0.270583310290E-02
  0.400872727454E-01  0.288444620602E-02
  0.413908108496E-01  0.307483399800E-02
  0.427367367610E-01  0.327777056598E-02
  0.441264288253E-01  0.349408059532E-02
  0.455613102087E-01  0.372464263707E-02
  0.470428503551E-01  0.397039258098E-02
  0.485725664911E-01  0.423232734616E-02
  0.501520251797E-01  0.451150880228E-02
  0.517828439245E-01  0.480906793458E-02
  0.534666928266E-01  0.512620926692E-02
  0.552052962942E-01  0.546421555731E-02
  0.570004348093E-01  0.582445278157E-02
  0.588539467506E-01  0.620837542091E-02
  0.607677302763E-01  0.661753207017E-02
  0.627437452680E-01  0.705357138401E-02
  0.647840153376E-01  0.751824837896E-02
  0.668906299000E-01  0.801343110994E-02
  0.690657463126E-01  0.854110774006E-02
  0.713115920848E-01  0.910339402358E-02
  0.736304671587E-01  0.970254122180E-02
  0.760247462651E-01  0.103409444723E-01
  0.784968813551E-01  0.110211516322E-01
  0.810494041110E-01  0.117458726158E-01
  0.836849285392E-01  0.125179892479E-01
  0.864061536469E-01  0.133405656523E-01
  0.892158662065E-01  0.142168591967E-01
  0.921169436092E-01  0.151503320116E-01
  0.951123568117E-01  0.161446631035E-01
  0.982051733789E-01  0.172037610768E-01
  0.101398560625E+00  0.183317774820E-01
  0.104695788858E+00  0.195331208007E-01
  0.108100234728E+00  0.208124710786E-01
  0.111615384684E+00  0.221747952123E-01
  0.115244838548E+00  0.236253628920E-01
  0.118992313197E+00  0.251697631967E-01
  0.122861646372E+00  0.268139218329E-01
  0.126856800610E+00  0.285641189998E-01
  0.130981867297E+00  0.304270078559E-01
  0.135241070862E+00  0.324096335518E-01
  0.139638773101E+00  0.345194527817E-01
  0.144179477646E+00  0.367643537927E-01
  0.148867834575E+00  0.391526767762E-01
  0.153708645176E+00  0.416932345455E-01
  0.158706866861E+00  0.443953333846E-01
  0.163867618246E+00  0.472687939288E-01
  0.169196184391E+00  0.503239719093E-01
  0.174698022215E+00  0.535717785654E-01
  0.180378766079E+00  0.570237004893E-01
  0.186244233562E+00  0.606918186331E-01
  0.192300431415E+00  0.645888261577E-01
  0.198553561714E+00  0.687280447579E-01
  0.205010028210E+00  0.731234390379E-01
  0.211676442890E+00  0.777896284495E-01
  0.218559632744E+00  0.827418962365E-01
  0.225666646762E+00  0.879961947493E-01
  0.233004763145E+00  0.935691464084E-01
  0.240581496767E+00  0.994780395016E-01
  0.248404606864E+00  0.105740817897E+00
  0.256482104986E+00  0.112376063637E+00
  0.264822263195E+00  0.119402971267E+00
  0.273433622544E+00  0.126841312611E+00
  0.282325001815E+00  0.134711390565E+00
  0.291505506559E+00  0.143033980353E+00
  0.300984538415E+00  0.151830256502E+00
  0.310771804740E+00  0.161121703664E+00
  0.320877328549E+00  0.170930009228E+00
  0.331311458783E+00  0.181276935514E+00
  0.342084880902E+00  0.192184169185E+00
  0.353208627831E+00  0.203673145347E+00
  0.364694091260E+00  0.215764843700E+00
  0.376553033308E+00  0.228479553987E+00
  0.388797598566E+00  0.241836607896E+00
  0.401440326540E+00  0.255854074593E+00
  0.414494164488E+00  0.270548417061E+00
  0.427972480680E+00  0.285934106564E+00
  0.441889078091E+00  0.302023192786E+00
  0.456258208533E+00  0.318824827526E+00
  0.471094587249E+00  0.336344740376E+00
  0.486413407989E+00  0.354584665460E+00
  0.502230358564E+00  0.373541719279E+00
  0.518561636913E+00  0.393207730869E+00
  0.535423967692E+00  0.413568526967E+00
  0.552834619402E+00  0.434603176740E+00
  0.570811422071E+00  0.456283202835E+00
  0.589372785517E+00  0.478571768192E+00
  0.608537718197E+00  0.501422851186E+00
  0.628325846676E+00  0.524780425281E+00
  0.648757435729E+00  0.548577663496E+00
  0.669853409087E+00  0.572736192588E+00
  0.691635370871E+00  0.597165426875E+00
  0.714125627712E+00  0.621762016977E+00
  0.737347211600E+00  0.646409454273E+00
  0.761323903465E+00  0.670977877309E+00
  0.786080257535E+00  0.695324131458E+00
  0.811641626479E+00  0.719292137241E+00
  0.838034187374E+00  0.742713625488E+00
  0.865284968508E+00  0.765409297916E+00
  0.893421877062E+00  0.787190469018E+00
  0.922473727689E+00  0.807861238115E+00
  0.952470272023E+00  0.827221227723E+00
  0.983442229146E+00  0.845068904543E+00
  0.101542131705E+01  0.861205470753E+00
  0.104844028511E+01  0.875439274219E+00
  0.108253294765E+01  0.887590635164E+00
  0.111773421852E+01  0.897496922659E+00
  0.115408014690E+01  0.905017636262E+00
  0.119160795419E+01  0.910039156948E+00
  0.123035607217E+01  0.912478729078E+00
  0.127036418227E+01  0.912287125968E+00
  0.131167325631E+01  0.909449343064E+00
  0.135432559838E+01  0.903982566038E+00
  0.139836488821E+01  0.895930592558E+00
  0.144383622588E+01  0.885353867548E+00
  0.149078617801E+01  0.872314350379E+00
  0.153926282547E+01  0.856854602143E+00
  0.158931581256E+01  0.838970800507E+00
  0.164099639793E+01  0.818579899423E+00
  0.169435750700E+01  0.795576686008E+00
  0.174945378622E+01  0.770144734699E+00
  0.180634165900E+01  0.742565392187E+00
  0.186507938348E+01  0.713134427907E+00
  0.192572711222E+01  0.682157941346E+00
  0.198834695381E+01  0.649947702930E+00
  0.205300303643E+01  0.616816093442E+00
  0.211976157356E+01  0.583070852323E+00
  0.218869093177E+01  0.549009855978E+00
  0.225986170076E+01  0.514916307241E+00
  0.233334676560E+01  0.481053373833E+00
  0.240922138143E+01  0.447661209417E+00
  0.248756325048E+01  0.414952657802E+00
  0.256845260168E+01  0.383110572486E+00
  0.265197227278E+01  0.352285698021E+00
  0.273820779523E+01  0.322595447902E+00
  0.282724748173E+01  0.294123825382E+00
  0.291918251672E+01  0.266922957231E+00
  0.301410704970E+01  0.241017151783E+00
  0.311211829167E+01  0.216411053028E+00
  0.321331661473E+01  0.193103726140E+00
  0.331780565480E+01  0.171108267075E+00
  0.342569241778E+01  0.150469481218E+00
  0.353708738915E+01  0.131265437029E+00
  0.365210464709E+01  0.113586212715E+00
  0.377086197933E+01  0.975025514355E-01
  0.389348100375E+01  0.830435810284E-01
  0.402008729294E+01  0.701908808461E-01
  0.415081050282E+01  0.588844718417E-01
  0.428578450536E+01  0.490336904579E-01
  0.442514752575E+01  0.405282381398E-01
  0.456904228390E+01  0.332473733867E-01
  0.471761614060E+01  0.270668201849E-01
  0.487102124848E+01  0.218636571083E-01
  0.502941470777E+01  0.175196370109E-01
  0.519295872721E+01  0.139233578453E-01
  0.536182079017E+01  0.109716115075E-01
  0.553617382616E+01  0.857014400544E-02
  0.571619638792E+01  0.663398736186E-02
  0.590207283429E+01  0.508747343890E-02
  0.609399351899E+01  0.386400779943E-02
  0.629215498558E+01  0.290566220172E-02
  0.649676016870E+01  0.216263263350E-02
  0.670801860195E+01  0.159260251692E-02
  0.692614663243E+01  0.116004564321E-02
  0.715136764229E+01  0.835497311274E-03
  0.738391227754E+01  0.594818968458E-03
  0.762401868420E+01  0.418364608347E-03
  0.787193275221E+01  0.290578233096E-03
  0.812790836724E+01  0.199220872513E-03
  0.839220767069E+01  0.134768826596E-03
  0.866510132814E+01  0.899165480629E-04
  0.894686880655E+01  0.591413782376E-04
  0.923779866043E+01  0.383304716044E-04
  0.953818882738E+01  0.244675288702E-04
  0.984834693318E+01  0.153749774899E-04
  0.101685906068E+02  0.950594340503E-05
  0.104992478058E+02  0.577966644737E-05
  0.108406571521E+02  0.345382191975E-05
  0.111931682785E+02  0.202741033857E-05
  0.115571421874E+02  0.116835486701E-05
  0.119329516198E+02  0.660598864040E-06
  0.123209814374E+02  0.366235791362E-06
  0.127216290166E+02  0.198959563185E-06
  0.131353046557E+02  0.105842965797E-06
  0.135624319945E+02  0.551004364908E-07
  0.140034484488E+02  0.280502659756E-07
  0.144588056580E+02  0.139537493288E-07
  0.149289699477E+02  0.677781387149E-08
  0.154144228072E+02  0.321214642487E-08
  0.159156613826E+02  0.148408657479E-08
  0.164331989861E+02  0.667915110524E-09
  0.169675656213E+02  0.292556453422E-09
  0.175193085264E+02  0.124606494623E-09
  0.180889927343E+02  0.515606067768E-10
  0.186772016515E+02  0.207077363114E-10
  0.192845376553E+02  0.806421624293E-11
  0.199116227108E+02  0.304207993234E-11
  0.205590990080E+02  0.111047263151E-11
  0.212276296190E+02  0.391840364112E-12
  0.219178991778E+02  0.133504163538E-12
  0.226306145806E+02  0.438701896941E-13
  0.233665057102E+02  0.138874339519E-13
  0.241263261836E+02  0.422984553682E-14
  0.249108541233E+02  0.123803294998E-14
  0.257208929544E+02  0.347762474369E-15
  0.265572722275E+02  0.936258066050E-16
  0.274208484681E+02  0.241252395489E-16
  0.283125060536E+02  0.594145137327E-17
  0.292331581194E+02  0.139643317078E-17
  0.301837474936E+02  0.312748997369E-18
  0.311652476629E+02  0.666408218875E-19
  0.321786637691E+02  0.134881481466E-19
  0.332250336389E+02  0.258886028593E-20
  0.343054288465E+02  0.470395502519E-21
  0.354209558111E+02  0.807693417896E-22
  0.365727569295E+02  0.130817351568E-22
  0.377620117470E+02  0.199481028801E-23
  0.389899381643E+02  0.285832823925E-24
  0.402577936855E+02  0.384085259887E-25
  0.415668767052E+02  0.483022849341E-26
  0.429185278390E+02  0.569822575466E-27
  0.443141312957E+02  0.832439927292E-28
  0.457551162952E+02  0.000000000000E+00
  0.472429585320E+02  0.000000000000E+00
  0.487791816867E+02  0.000000000000E+00
&
