& Pb  4  422 a ! ZNUL LDIM  NMAX
& T T T F
& 0.0  0.0  0.0  0.0
& 2 = L
  0.687732028097E-04  0.164653843605E-11
  0.710095357969E-04  0.181244210663E-11
  0.733185887539E-04  0.199506207559E-11
  0.757027263526E-04  0.219608266147E-11
  0.781643901584E-04  0.241735789318E-11
  0.807061011301E-04  0.266092860982E-11
  0.833304622017E-04  0.292904128353E-11
  0.860401609484E-04  0.322416873889E-11
  0.888379723385E-04  0.354903295992E-11
  0.917267615753E-04  0.390663019522E-11
  0.947094870315E-04  0.430025859258E-11
  0.977892032785E-04  0.473354861803E-11
  0.100969064215E-03  0.521049653998E-11
  0.104252326296E-03  0.573550128704E-11
  0.107642351870E-03  0.631340501975E-11
  0.111142612618E-03  0.694953779017E-11
  0.114756693113E-03  0.764976670138E-11
  0.118488294490E-03  0.842055002024E-11
  0.122341238235E-03  0.926899674246E-11
  0.126319470098E-03  0.102029321595E-10
  0.130427064137E-03  0.112309700316E-10
  0.134668226887E-03  0.123625920337E-10
  0.139047301669E-03  0.136082352049E-10
  0.143568773039E-03  0.149793882109E-10
  0.148237271378E-03  0.164886973041E-10
  0.153057577636E-03  0.181500829615E-10
  0.158034628229E-03  0.199788682740E-10
  0.163173520091E-03  0.219919202729E-10
  0.168479515896E-03  0.242078054951E-10
  0.173958049448E-03  0.266469612244E-10
  0.179614731244E-03  0.293318839856E-10
  0.185455354220E-03  0.322873370320E-10
  0.191485899685E-03  0.355405787386E-10
  0.197712543444E-03  0.391216140083E-10
  0.204141662124E-03  0.430634710090E-10
  0.210779839705E-03  0.474025057952E-10
  0.217633874261E-03  0.521787376227E-10
  0.224710784922E-03  0.574362180487E-10
  0.232017819063E-03  0.632234372228E-10
  0.239562459725E-03  0.695937711153E-10
  0.247352433280E-03  0.766059738076E-10
  0.255395717341E-03  0.843247193852E-10
  0.263700548935E-03  0.928211984313E-10
  0.272275432934E-03  0.102173774623E-09
  0.281129150769E-03  0.112468707485E-09
  0.290270769420E-03  0.123800947967E-09
  0.299709650705E-03  0.136275014182E-09
  0.309455460862E-03  0.150005955386E-09
  0.319518180452E-03  0.165120413084E-09
  0.329908114580E-03  0.181757789052E-09
  0.340635903446E-03  0.200071531050E-09
  0.351712533243E-03  0.220230548082E-09
  0.363149347409E-03  0.242420768252E-09
  0.374958058240E-03  0.266846853591E-09
  0.387150758888E-03  0.293734087668E-09
  0.399739935744E-03  0.323330453396E-09
  0.412738481225E-03  0.355908920189E-09
  0.426159706978E-03  0.391769961580E-09
  0.440017357510E-03  0.431244326499E-09
  0.454325624267E-03  0.474696089795E-09
  0.469099160165E-03  0.522526010112E-09
  0.484353094594E-03  0.575175226110E-09
  0.500103048917E-03  0.633129325110E-09
  0.516365152463E-03  0.696922821684E-09
  0.533156059048E-03  0.767144087513E-09
  0.550492964027E-03  0.844440777958E-09
  0.568393621905E-03  0.929525805418E-09
  0.586876364520E-03  0.102318391455E-08
  0.605960119817E-03  0.112627891997E-08
  0.625664431228E-03  0.123976167330E-08
  0.646009477690E-03  0.136467883285E-08
  0.667016094308E-03  0.150218251697E-08
  0.688705793693E-03  0.165354093011E-08
  0.711100787993E-03  0.182015005947E-08
  0.734224011639E-03  0.200354655018E-08
  0.758099144833E-03  0.220542187783E-08
  0.782750637796E-03  0.242763794897E-08
  0.808203735814E-03  0.267224427343E-08
  0.834484505081E-03  0.294149686696E-08
  0.861619859402E-03  0.323787905846E-08
  0.889637587751E-03  0.356412439365E-08
  0.918566382730E-03  0.392324184653E-08
  0.948435869953E-03  0.431854357103E-08
  0.979276638386E-03  0.475367544889E-08
  0.101112027167E-02  0.523265071549E-08
  0.104399938047E-02  0.575988697368E-08
  0.107794763586E-02  0.634024693706E-08
  0.111299980383E-02  0.697908327847E-08
  0.114919178085E-02  0.768228799723E-08
  0.118656063069E-02  0.845634676051E-08
  0.122514462229E-02  0.930839872001E-08
  0.126498326904E-02  0.102463023555E-07
  0.130611736920E-02  0.112787079525E-07
  0.134858904769E-02  0.124151373829E-07
  0.139244179920E-02  0.136660719234E-07
  0.143772053279E-02  0.150430489226E-07
  0.148447161784E-02  0.165587682080E-07
  0.153274293155E-02  0.182272092134E-07
  0.158258390796E-02  0.200637599088E-07
  0.163404558858E-02  0.220853587193E-07
  0.168718067468E-02  0.243106507436E-07
  0.174204358122E-02  0.267601597130E-07
  0.179869049261E-02  0.294564772747E-07
  0.185717942025E-02  0.324244713471E-07
  0.191757026190E-02  0.356915154674E-07
  0.197992486306E-02  0.392877412470E-07
  0.204430708030E-02  0.432463162621E-07
  0.211078284663E-02  0.476037499436E-07
  0.217942023905E-02  0.524002302843E-07
  0.225028954823E-02  0.576799944721E-07
  0.232346335055E-02  0.634917368637E-07
  0.239901658238E-02  0.698890580623E-07
  0.247702661683E-02  0.769309592403E-07
  0.255757334298E-02  0.846823862647E-07
  0.264073924773E-02  0.932148286431E-07
  0.272660950022E-02  0.102606978812E-06
  0.281527203911E-02  0.112945457848E-06
  0.290681766258E-02  0.124325614291E-06
  0.300134012134E-02  0.136852403446E-06
  0.309893621466E-02  0.150641355276E-06
  0.319970588946E-02  0.165819639794E-06
  0.330375234270E-02  0.182527239794E-06
  0.341118212703E-02  0.200918241731E-06
  0.352210525994E-02  0.221162256632E-06
  0.363663533642E-02  0.243445984164E-06
  0.375488964526E-02  0.267974934255E-06
  0.387698928922E-02  0.294975322158E-06
  0.400305930900E-02  0.324696154403E-06
  0.413322881132E-02  0.357411524894E-06
  0.426763110112E-02  0.393423142284E-06
  0.440640381809E-02  0.433063111946E-06
  0.454968907762E-02  0.476696998174E-06
  0.469763361634E-02  0.524727194821E-06
  0.485038894238E-02  0.577596635463E-06
  0.500811149055E-02  0.635792877253E-06
  0.517096278251E-02  0.699852596113E-06
  0.533910959222E-02  0.770366534672E-06
  0.551272411671E-02  0.847984948548E-06
  0.569198415242E-02  0.933423601140E-06
  0.587707327729E-02  0.102747036215E-05
  0.606818103877E-02  0.113099247066E-05
  0.626550314789E-02  0.124494452955E-05
  0.646924167974E-02  0.137037730505E-05
  0.667960528038E-02  0.150844741232E-05
  0.689680938052E-02  0.166042797629E-05
  0.712107641614E-02  0.182772036592E-05
  0.735263605628E-02  0.201186710993E-05
  0.759172543825E-02  0.221456611279E-05
  0.783858941046E-02  0.243768630197E-05
  0.809348078320E-02  0.268328485024E-05
  0.835666058750E-02  0.295362613163E-05
  0.862839834249E-02  0.325120258544E-05
  0.890897233137E-02  0.357875768004E-05
  0.919866988642E-02  0.393931118782E-05
  0.949778768325E-02  0.433618700360E-05
  0.980663204462E-02  0.477304376223E-05
  0.101255192542E-01  0.525390853670E-05
  0.104547758802E-01  0.578321392658E-05
  0.107947391104E-01  0.636583887722E-05
  0.111457570967E-01  0.700715360478E-05
  0.115081893122E-01  0.771306903953E-05
  0.118824069192E-01  0.849009124102E-05
  0.122687931492E-01  0.934538128466E-05
  0.126677436955E-01  0.102868211688E-04
  0.130796671184E-01  0.113230863466E-04
  0.135049852633E-01  0.124637255477E-04
  0.139441336932E-01  0.137192486203E-04
  0.143975621346E-01  0.151012231989E-04
  0.148657349377E-01  0.166223810819E-04
  0.153491315524E-01  0.182967352922E-04
  0.158482470190E-01  0.201397088911E-04
  0.163635924756E-01  0.221682767234E-04
  0.168956956807E-01  0.244011213860E-04
  0.174451015546E-01  0.268588048468E-04
  0.180123727370E-01  0.295639572746E-04
  0.185980901630E-01  0.325414848051E-04
  0.192028536585E-01  0.358187981321E-04
  0.198272825543E-01  0.394260640035E-04
  0.204720163199E-01  0.433964819103E-04
  0.211377152192E-01  0.477665884780E-04
  0.218250609860E-01  0.525765923240E-04
  0.225347575224E-01  0.578707424135E-04
  0.232675316197E-01  0.636977332488E-04
  0.240241337025E-01  0.701111505523E-04
  0.248053385977E-01  0.771699614692E-04
  0.256119463271E-01  0.849390537042E-04
  0.264447829277E-01  0.934898284482E-04
  0.273047012968E-01  0.102900852418E-03
  0.281925820661E-01  0.113258574859E-03
  0.291093345030E-01  0.124658115930E-03
  0.300558974421E-01  0.137204133511E-03
  0.310332402466E-01  0.151011776157E-03
  0.320423638010E-01  0.166207730686E-03
  0.330843015359E-01  0.182931373674E-03
  0.341601204866E-01  0.201336037063E-03
  0.352709223857E-01  0.221590399044E-03
  0.364178447915E-01  0.243880012436E-03
  0.376020622527E-01  0.268408983977E-03
  0.388247875115E-01  0.295401819193E-03
  0.400872727454E-01  0.325105448891E-03
  0.413908108496E-01  0.357791454861E-03
  0.427367367610E-01  0.393758513986E-03
  0.441264288253E-01  0.433335081755E-03
  0.455613102087E-01  0.476882338142E-03
  0.470428503551E-01  0.524797420865E-03
  0.485725664911E-01  0.577516973395E-03
  0.501520251797E-01  0.635521037506E-03
  0.517828439245E-01  0.699337322857E-03
  0.534666928266E-01  0.769545888998E-03
  0.552052962942E-01  0.846784278285E-03
  0.570004348093E-01  0.931753141571E-03
  0.588539467506E-01  0.102522240213E-02
  0.607677302763E-01  0.112803800714E-02
  0.627437452680E-01  0.124112932019E-02
  0.647840153376E-01  0.136551721272E-02
  0.668906299000E-01  0.150232291680E-02
  0.690657463126E-01  0.165277770707E-02
  0.713115920848E-01  0.181823348427E-02
  0.736304671587E-01  0.200017433890E-02
  0.760247462651E-01  0.220022917895E-02
  0.784968813551E-01  0.242018551171E-02
  0.810494041110E-01  0.266200447599E-02
  0.836849285392E-01  0.292783722711E-02
  0.864061536469E-01  0.322004278373E-02
  0.892158662065E-01  0.354120745179E-02
  0.921169436092E-01  0.389416594714E-02
  0.951123568117E-01  0.428202434459E-02
  0.982051733789E-01  0.470818498658E-02
  0.101398560625E+00  0.517637348989E-02
  0.104695788858E+00  0.569066799287E-02
  0.108100234728E+00  0.625553078882E-02
  0.111615384684E+00  0.687584249259E-02
  0.115244838548E+00  0.755693888719E-02
  0.118992313197E+00  0.830465059449E-02
  0.122861646372E+00  0.912534570787E-02
  0.126856800610E+00  0.100259755157E-01
  0.130981867297E+00  0.110141234299E-01
  0.135241070862E+00  0.120980572140E-01
  0.139638773101E+00  0.132867845799E-01
  0.144179477646E+00  0.145901121859E-01
  0.148867834575E+00  0.160187080277E-01
  0.153708645176E+00  0.175841671553E-01
  0.158706866861E+00  0.192990805841E-01
  0.163867618246E+00  0.211771071808E-01
  0.169196184391E+00  0.232330482058E-01
  0.174698022215E+00  0.254829240684E-01
  0.180378766079E+00  0.279440527042E-01
  0.186244233562E+00  0.306351288099E-01
  0.192300431415E+00  0.335763029622E-01
  0.198553561714E+00  0.367892594050E-01
  0.205010028210E+00  0.402972910051E-01
  0.211676442890E+00  0.441253695471E-01
  0.218559632744E+00  0.483002091582E-01
  0.225666646762E+00  0.528503202158E-01
  0.233004763145E+00  0.578060505969E-01
  0.240581496767E+00  0.631996105620E-01
  0.248404606864E+00  0.690650769348E-01
  0.256482104986E+00  0.754383715343E-01
  0.264822263195E+00  0.823572080333E-01
  0.273433622544E+00  0.898610005650E-01
  0.282325001815E+00  0.979907264729E-01
  0.291505506559E+00  0.106788734617E+00
  0.300984538415E+00  0.116298489606E+00
  0.310771804740E+00  0.126564241278E+00
  0.320877328549E+00  0.137630607658E+00
  0.331311458783E+00  0.149542058640E+00
  0.342084880902E+00  0.162342286678E+00
  0.353208627831E+00  0.176073450024E+00
  0.364694091260E+00  0.190775273529E+00
  0.376553033308E+00  0.206483991906E+00
  0.388797598566E+00  0.223231120675E+00
  0.401440326540E+00  0.241042041076E+00
  0.414494164488E+00  0.259934387145E+00
  0.427972480680E+00  0.279916226151E+00
  0.441889078091E+00  0.300984028029E+00
  0.456258208533E+00  0.323120425536E+00
  0.471094587249E+00  0.346291775009E+00
  0.486413407989E+00  0.370445538139E+00
  0.502230358564E+00  0.395507518478E+00
  0.518561636913E+00  0.421379002854E+00
  0.535423967692E+00  0.447933877651E+00
  0.552834619402E+00  0.475015813445E+00
  0.570811422071E+00  0.502435638559E+00
  0.589372785517E+00  0.529969052701E+00
  0.608537718197E+00  0.557354865295E+00
  0.628325846676E+00  0.584293978451E+00
  0.648757435729E+00  0.610449369962E+00
  0.669853409087E+00  0.635447364869E+00
  0.691635370871E+00  0.658880511481E+00
  0.714125627712E+00  0.680312394498E+00
  0.737347211600E+00  0.699284718194E+00
  0.761323903465E+00  0.715326968826E+00
  0.786080257535E+00  0.727968908679E+00
  0.811641626479E+00  0.736756054219E+00
  0.838034187374E+00  0.741268136685E+00
  0.865284968508E+00  0.741140324133E+00
  0.893421877062E+00  0.736086690000E+00
  0.922473727689E+00  0.725925038431E+00
  0.952470272023E+00  0.710601741272E+00
  0.983442229146E+00  0.690214715828E+00
  0.101542131705E+01  0.665032101036E+00
  0.104844028511E+01  0.635503617259E+00
  0.108253294765E+01  0.602261091798E+00
  0.111773421852E+01  0.566104299276E+00
  0.115408014690E+01  0.527968238335E+00
  0.119160795419E+01  0.488868412056E+00
  0.123035607217E+01  0.449821794276E+00
  0.127036418227E+01  0.411743152194E+00
  0.131167325631E+01  0.375319441002E+00
  0.135432559838E+01  0.340875268510E+00
  0.139836488821E+01  0.308446315151E+00
  0.144383622588E+01  0.278046804821E+00
  0.149078617801E+01  0.249675325629E+00
  0.153926282547E+01  0.223313558666E+00
  0.158931581256E+01  0.198927950714E+00
  0.164099639793E+01  0.176471408398E+00
  0.169435750700E+01  0.155884993609E+00
  0.174945378622E+01  0.137099608929E+00
  0.180634165900E+01  0.120037654334E+00
  0.186507938348E+01  0.104614639592E+00
  0.192572711222E+01  0.907407362613E-01
  0.198834695381E+01  0.783222540089E-01
  0.205300303643E+01  0.672630271675E-01
  0.211976157356E+01  0.574656993716E-01
  0.218869093177E+01  0.488328967435E-01
  0.225986170076E+01  0.412682834625E-01
  0.233334676560E+01  0.346774973087E-01
  0.240922138143E+01  0.289689664052E-01
  0.248756325048E+01  0.240546111178E-01
  0.256845260168E+01  0.198504367190E-01
  0.265197227278E+01  0.162770216406E-01
  0.273820779523E+01  0.132599054296E-01
  0.282724748173E+01  0.107298786178E-01
  0.291918251672E+01  0.862317535794E-02
  0.301410704970E+01  0.688157015573E-02
  0.311211829167E+01  0.545238126042E-02
  0.321331661473E+01  0.428838565890E-02
  0.331780565480E+01  0.334765331342E-02
  0.342569241778E+01  0.259331077302E-02
  0.353708738915E+01  0.199324620104E-02
  0.365210464709E+01  0.151976906513E-02
  0.377086197933E+01  0.114923829010E-02
  0.389348100375E+01  0.861672742606E-03
  0.402008729294E+01  0.640357658333E-03
  0.415081050282E+01  0.471459916334E-03
  0.428578450536E+01  0.343662775050E-03
  0.442514752575E+01  0.247823982860E-03
  0.456904228390E+01  0.176649567180E-03
  0.471761614060E+01  0.124372760470E-03
  0.487102124848E+01  0.864501466101E-04
  0.502941470777E+01  0.593077479874E-04
  0.519295872721E+01  0.401506176100E-04
  0.536182079017E+01  0.268194715239E-04
  0.553617382616E+01  0.176731934969E-04
  0.571619638792E+01  0.114866432937E-04
  0.590207283429E+01  0.736148450953E-05
  0.609399351899E+01  0.465038275415E-05
  0.629215498558E+01  0.289466844469E-05
  0.649676016870E+01  0.177465368058E-05
  0.670801860195E+01  0.107111378596E-05
  0.692614663243E+01  0.636142202017E-06
  0.715136764229E+01  0.371575640019E-06
  0.738391227754E+01  0.213344791577E-06
  0.762401868420E+01  0.120341730345E-06
  0.787193275221E+01  0.666496942411E-07
  0.812790836724E+01  0.362215475824E-07
  0.839220767069E+01  0.193042543830E-07
  0.866510132814E+01  0.100827195604E-07
  0.894686880655E+01  0.515767857245E-08
  0.923779866043E+01  0.258220676338E-08
  0.953818882738E+01  0.126447270886E-08
  0.984834693318E+01  0.605255008770E-09
  0.101685906068E+02  0.282917347764E-09
  0.104992478058E+02  0.129039053667E-09
  0.108406571521E+02  0.573822250941E-10
  0.111931682785E+02  0.248582649313E-10
  0.115571421874E+02  0.104817081953E-10
  0.119329516198E+02  0.429812881893E-11
  0.123209814374E+02  0.171245233800E-11
  0.127216290166E+02  0.662280225504E-12
  0.131353046557E+02  0.248386729407E-12
  0.135624319945E+02  0.902492334594E-13
  0.140034484488E+02  0.317349743012E-13
  0.144588056580E+02  0.107881891735E-13
  0.149289699477E+02  0.354157039339E-14
  0.154144228072E+02  0.112146492029E-14
  0.159156613826E+02  0.342142884775E-15
  0.164331989861E+02  0.100446385802E-15
  0.169675656213E+02  0.283414483828E-16
  0.175193085264E+02  0.767554253236E-17
  0.180889927343E+02  0.199257993664E-17
  0.186772016515E+02  0.495157939452E-18
  0.192845376553E+02  0.117618486486E-18
  0.199116227108E+02  0.266669936334E-19
  0.205590990080E+02  0.576211116623E-20
  0.212276296190E+02  0.118473138135E-20
  0.219178991778E+02  0.231413627983E-21
  0.226306145806E+02  0.428713111584E-22
  0.233665057102E+02  0.751984242490E-23
  0.241263261836E+02  0.124665685132E-23
  0.249108541233E+02  0.194979765819E-24
  0.257208929544E+02  0.287157623580E-25
  0.265572722275E+02  0.397464145243E-26
  0.274208484681E+02  0.516007845486E-27
  0.283125060536E+02  0.627315579158E-28
  0.292331581194E+02  0.739889077589E-29
  0.301837474936E+02  0.000000000000E+00
  0.311652476629E+02  0.000000000000E+00
  0.321786637691E+02  0.000000000000E+00
  0.332250336389E+02  0.000000000000E+00
  0.343054288465E+02  0.000000000000E+00
  0.354209558111E+02  0.000000000000E+00
  0.365727569295E+02  0.000000000000E+00
  0.377620117470E+02  0.000000000000E+00
  0.389899381643E+02  0.000000000000E+00
  0.402577936855E+02  0.000000000000E+00
  0.415668767052E+02  0.000000000000E+00
  0.429185278390E+02  0.000000000000E+00
  0.443141312957E+02  0.000000000000E+00
  0.457551162952E+02  0.000000000000E+00
  0.472429585320E+02  0.000000000000E+00
  0.487791816867E+02  0.000000000000E+00
& 0 = L
  0.687732028097E-04  0.150725151779E-03
  0.710095357969E-04  0.155626357665E-03
  0.733185887539E-04  0.160686938535E-03
  0.757027263526E-04  0.165912076867E-03
  0.781643901584E-04  0.171307123658E-03
  0.807061011301E-04  0.176877603907E-03
  0.833304622017E-04  0.182629222271E-03
  0.860401609484E-04  0.188567868910E-03
  0.888379723385E-04  0.194699625516E-03
  0.917267615753E-04  0.201030771543E-03
  0.947094870315E-04  0.207567790637E-03
  0.977892032785E-04  0.214317377274E-03
  0.100969064215E-03  0.221286443622E-03
  0.104252326296E-03  0.228482126610E-03
  0.107642351870E-03  0.235911795247E-03
  0.111142612618E-03  0.243583058160E-03
  0.114756693113E-03  0.251503771392E-03
  0.118488294490E-03  0.259682046443E-03
  0.122341238235E-03  0.268126258579E-03
  0.126319470098E-03  0.276845055409E-03
  0.130427064137E-03  0.285847365740E-03
  0.134668226887E-03  0.295142408722E-03
  0.139047301669E-03  0.304739703289E-03
  0.143568773039E-03  0.314649077905E-03
  0.148237271378E-03  0.324880680633E-03
  0.153057577636E-03  0.335444989523E-03
  0.158034628229E-03  0.346352823346E-03
  0.163173520091E-03  0.357615352673E-03
  0.168479515896E-03  0.369244111312E-03
  0.173958049448E-03  0.381251008123E-03
  0.179614731244E-03  0.393648339211E-03
  0.185455354220E-03  0.406448800518E-03
  0.191485899685E-03  0.419665500828E-03
  0.197712543444E-03  0.433311975188E-03
  0.204141662124E-03  0.447402198772E-03
  0.210779839705E-03  0.461950601187E-03
  0.217633874261E-03  0.476972081260E-03
  0.224710784922E-03  0.492482022284E-03
  0.232017819063E-03  0.508496307781E-03
  0.239562459725E-03  0.525031337762E-03
  0.247352433280E-03  0.542104045528E-03
  0.255395717341E-03  0.559731915003E-03
  0.263700548935E-03  0.577932998646E-03
  0.272275432934E-03  0.596725935935E-03
  0.281129150769E-03  0.616129972453E-03
  0.290270769420E-03  0.636164979603E-03
  0.299709650705E-03  0.656851474953E-03
  0.309455460862E-03  0.678210643249E-03
  0.319518180452E-03  0.700264358107E-03
  0.329908114580E-03  0.723035204420E-03
  0.340635903446E-03  0.746546501480E-03
  0.351712533243E-03  0.770822326859E-03
  0.363149347409E-03  0.795887541072E-03
  0.374958058240E-03  0.821767813027E-03
  0.387150758888E-03  0.848489646321E-03
  0.399739935744E-03  0.876080406374E-03
  0.412738481225E-03  0.904568348456E-03
  0.426159706978E-03  0.933982646622E-03
  0.440017357510E-03  0.964353423589E-03
  0.454325624267E-03  0.995711781580E-03
  0.469099160165E-03  0.102808983418E-02
  0.484353094594E-03  0.106152073921E-02
  0.500103048917E-03  0.109603873271E-02
  0.516365152463E-03  0.113167916395E-02
  0.533156059048E-03  0.116847853170E-02
  0.550492964027E-03  0.120647452151E-02
  0.568393621905E-03  0.124570604441E-02
  0.586876364520E-03  0.128621327668E-02
  0.605960119817E-03  0.132803770101E-02
  0.625664431228E-03  0.137122214898E-02
  0.646009477690E-03  0.141581084496E-02
  0.667016094308E-03  0.146184945132E-02
  0.688705793693E-03  0.150938511525E-02
  0.711100787993E-03  0.155846651702E-02
  0.734224011639E-03  0.160914391983E-02
  0.758099144833E-03  0.166146922129E-02
  0.782750637796E-03  0.171549600654E-02
  0.808203735814E-03  0.177127960312E-02
  0.834484505081E-03  0.182887713767E-02
  0.861619859402E-03  0.188834759438E-02
  0.889637587751E-03  0.194975187539E-02
  0.918566382730E-03  0.201315286320E-02
  0.948435869953E-03  0.207861548498E-02
  0.979276638386E-03  0.214620677914E-02
  0.101112027167E-02  0.221599596391E-02
  0.104399938047E-02  0.228805450822E-02
  0.107794763586E-02  0.236245620492E-02
  0.111299980383E-02  0.243927724631E-02
  0.114919178085E-02  0.251859630212E-02
  0.118656063069E-02  0.260049460014E-02
  0.122514462229E-02  0.268505600931E-02
  0.126498326904E-02  0.277236712563E-02
  0.130611736920E-02  0.286251736081E-02
  0.134858904769E-02  0.295559903381E-02
  0.139244179920E-02  0.305170746538E-02
  0.143772053279E-02  0.315094107560E-02
  0.148447161784E-02  0.325340148468E-02
  0.153274293155E-02  0.335919361701E-02
  0.158258390796E-02  0.346842580851E-02
  0.163404558858E-02  0.358120991759E-02
  0.168718067468E-02  0.369766143964E-02
  0.174204358122E-02  0.381789962526E-02
  0.179869049261E-02  0.394204760233E-02
  0.185717942025E-02  0.407023250203E-02
  0.191757026190E-02  0.420258558897E-02
  0.197992486306E-02  0.433924239556E-02
  0.204430708030E-02  0.448034286073E-02
  0.211078284663E-02  0.462603147312E-02
  0.217942023905E-02  0.477645741897E-02
  0.225028954823E-02  0.493177473480E-02
  0.232346335055E-02  0.509214246503E-02
  0.239901658238E-02  0.525772482471E-02
  0.247702661683E-02  0.542869136759E-02
  0.255757334298E-02  0.560521715955E-02
  0.264073924773E-02  0.578748295776E-02
  0.272660950022E-02  0.597567539555E-02
  0.281527203911E-02  0.616998717337E-02
  0.290681766258E-02  0.637061725586E-02
  0.300134012134E-02  0.657777107542E-02
  0.309893621466E-02  0.679166074221E-02
  0.319970588946E-02  0.701250526118E-02
  0.330375234270E-02  0.724053075590E-02
  0.341118212703E-02  0.747597069982E-02
  0.352210525994E-02  0.771906615497E-02
  0.363663533642E-02  0.797006601831E-02
  0.375488964526E-02  0.822922727619E-02
  0.387698928922E-02  0.849681526692E-02
  0.400305930900E-02  0.877310395197E-02
  0.413322881132E-02  0.905837619578E-02
  0.426763110112E-02  0.935292405479E-02
  0.440640381809E-02  0.965704907564E-02
  0.454968907762E-02  0.997106260319E-02
  0.469763361634E-02  0.102952860983E-01
  0.485038894238E-02  0.106300514660E-01
  0.500811149055E-02  0.109757013942E-01
  0.517096278251E-02  0.113325897034E-01
  0.533910959222E-02  0.117010817076E-01
  0.551272411671E-02  0.120815545864E-01
  0.569198415242E-02  0.124743977704E-01
  0.587707327729E-02  0.128800133374E-01
  0.606818103877E-02  0.132988164221E-01
  0.626550314789E-02  0.137312356393E-01
  0.646924167974E-02  0.141777135201E-01
  0.667960528038E-02  0.146387069622E-01
  0.689680938052E-02  0.151146876947E-01
  0.712107641614E-02  0.156061427580E-01
  0.735263605628E-02  0.161135749986E-01
  0.759172543825E-02  0.166375035802E-01
  0.783858941046E-02  0.171784645105E-01
  0.809348078320E-02  0.177370111856E-01
  0.835666058750E-02  0.183137149508E-01
  0.862839834249E-02  0.189091656797E-01
  0.890897233137E-02  0.195239723719E-01
  0.919866988642E-02  0.201587637692E-01
  0.949778768325E-02  0.208141889914E-01
  0.980663204462E-02  0.214909181924E-01
  0.101255192542E-01  0.221896432361E-01
  0.104547758802E-01  0.229110783952E-01
  0.107947391104E-01  0.236559610698E-01
  0.111457570967E-01  0.244250525304E-01
  0.115081893122E-01  0.252191386824E-01
  0.118824069192E-01  0.260390308560E-01
  0.122687931492E-01  0.268855666189E-01
  0.126677436955E-01  0.277596106154E-01
  0.130796671184E-01  0.286620554310E-01
  0.135049852633E-01  0.295938224826E-01
  0.139441336932E-01  0.305558629374E-01
  0.143975621346E-01  0.315491586586E-01
  0.148657349377E-01  0.325747231799E-01
  0.153491315524E-01  0.336336027097E-01
  0.158482470190E-01  0.347268771650E-01
  0.163635924756E-01  0.358556612361E-01
  0.168956956807E-01  0.370211054830E-01
  0.174451015546E-01  0.382243974636E-01
  0.180123727370E-01  0.394667628951E-01
  0.185980901630E-01  0.407494668486E-01
  0.192028536585E-01  0.420738149786E-01
  0.198272825543E-01  0.434411547863E-01
  0.204720163199E-01  0.448528769196E-01
  0.211377152192E-01  0.463104165081E-01
  0.218250609860E-01  0.478152545353E-01
  0.225347575224E-01  0.493689192483E-01
  0.232675316197E-01  0.509729876041E-01
  0.240241337025E-01  0.526290867547E-01
  0.248053385977E-01  0.543388955704E-01
  0.256119463271E-01  0.561041462012E-01
  0.264447829277E-01  0.579266256778E-01
  0.273047012968E-01  0.598081775503E-01
  0.281925820661E-01  0.617507035667E-01
  0.291093345030E-01  0.637561653890E-01
  0.300558974421E-01  0.658265863479E-01
  0.310332402466E-01  0.679640532354E-01
  0.320423638010E-01  0.701707181332E-01
  0.330843015359E-01  0.724488002787E-01
  0.341601204866E-01  0.748005879641E-01
  0.352709223857E-01  0.772284404703E-01
  0.364178447915E-01  0.797347900310E-01
  0.376020622527E-01  0.823221438273E-01
  0.388247875115E-01  0.849930860090E-01
  0.400872727454E-01  0.877502797396E-01
  0.413908108496E-01  0.905964692625E-01
  0.427367367610E-01  0.935344819838E-01
  0.441264288253E-01  0.965672305676E-01
  0.455613102087E-01  0.996977150382E-01
  0.470428503551E-01  0.102929024885E+00
  0.485725664911E-01  0.106264341159E+00
  0.501520251797E-01  0.109706938563E+00
  0.517828439245E-01  0.113260187512E+00
  0.534666928266E-01  0.116927556174E+00
  0.552052962942E-01  0.120712612455E+00
  0.570004348093E-01  0.124619025951E+00
  0.588539467506E-01  0.128650569811E+00
  0.607677302763E-01  0.132811122538E+00
  0.627437452680E-01  0.137104669682E+00
  0.647840153376E-01  0.141535305416E+00
  0.668906299000E-01  0.146107233983E+00
  0.690657463126E-01  0.150824770975E+00
  0.713115920848E-01  0.155692344430E+00
  0.736304671587E-01  0.160714495720E+00
  0.760247462651E-01  0.165895880187E+00
  0.784968813551E-01  0.171241267508E+00
  0.810494041110E-01  0.176755541735E+00
  0.836849285392E-01  0.182443700991E+00
  0.864061536469E-01  0.188310856745E+00
  0.892158662065E-01  0.194362232644E+00
  0.921169436092E-01  0.200603162829E+00
  0.951123568117E-01  0.207039089681E+00
  0.982051733789E-01  0.213675560924E+00
  0.101398560625E+00  0.220518226021E+00
  0.104695788858E+00  0.227572831768E+00
  0.108100234728E+00  0.234845217010E+00
  0.111615384684E+00  0.242341306372E+00
  0.115244838548E+00  0.250067102914E+00
  0.118992313197E+00  0.258028679571E+00
  0.122861646372E+00  0.266232169274E+00
  0.126856800610E+00  0.274683753605E+00
  0.130981867297E+00  0.283389649837E+00
  0.135241070862E+00  0.292356096200E+00
  0.139638773101E+00  0.301589335194E+00
  0.144179477646E+00  0.311095594763E+00
  0.148867834575E+00  0.320881067123E+00
  0.153708645176E+00  0.330951885024E+00
  0.158706866861E+00  0.341314095206E+00
  0.163867618246E+00  0.351973628798E+00
  0.169196184391E+00  0.362936268381E+00
  0.174698022215E+00  0.374207611428E+00
  0.180378766079E+00  0.385793029808E+00
  0.186244233562E+00  0.397697625020E+00
  0.192300431415E+00  0.409926178818E+00
  0.198553561714E+00  0.422483098849E+00
  0.205010028210E+00  0.435372358926E+00
  0.211676442890E+00  0.448597433527E+00
  0.218559632744E+00  0.462161226118E+00
  0.225666646762E+00  0.476065990855E+00
  0.233004763145E+00  0.490313247248E+00
  0.240581496767E+00  0.504903687333E+00
  0.248404606864E+00  0.519837074924E+00
  0.256482104986E+00  0.535112136520E+00
  0.264822263195E+00  0.550726443453E+00
  0.273433622544E+00  0.566676284899E+00
  0.282325001815E+00  0.582956531417E+00
  0.291505506559E+00  0.599560488734E+00
  0.300984538415E+00  0.616479741573E+00
  0.310771804740E+00  0.633703987404E+00
  0.320877328549E+00  0.651220860152E+00
  0.331311458783E+00  0.669015743997E+00
  0.342084880902E+00  0.687071577631E+00
  0.353208627831E+00  0.705368649513E+00
  0.364694091260E+00  0.723884384971E+00
  0.376553033308E+00  0.742593126243E+00
  0.388797598566E+00  0.761465906982E+00
  0.401440326540E+00  0.780470223090E+00
  0.414494164488E+00  0.799569802280E+00
  0.427972480680E+00  0.818724375267E+00
  0.441889078091E+00  0.837889452092E+00
  0.456258208533E+00  0.857016107784E+00
  0.471094587249E+00  0.876050782260E+00
  0.486413407989E+00  0.894935100178E+00
  0.502230358564E+00  0.913605717297E+00
  0.518561636913E+00  0.931994200775E+00
  0.535423967692E+00  0.950026951721E+00
  0.552834619402E+00  0.967625179194E+00
  0.570811422071E+00  0.984704935631E+00
  0.589372785517E+00  0.100117722441E+01
  0.608537718197E+00  0.101694819072E+01
  0.628325846676E+00  0.103191940716E+01
  0.648757435729E+00  0.104598826526E+01
  0.669853409087E+00  0.105904848360E+01
  0.691635370871E+00  0.107099074161E+01
  0.714125627712E+00  0.108170344601E+01
  0.737347211600E+00  0.109107363363E+01
  0.761323903465E+00  0.109898800959E+01
  0.786080257535E+00  0.110533411369E+01
  0.811641626479E+00  0.111000160001E+01
  0.838034187374E+00  0.111288360442E+01
  0.865284968508E+00  0.111387816275E+01
  0.893421877062E+00  0.111288962731E+01
  0.922473727689E+00  0.110983001260E+01
  0.952470272023E+00  0.110462018149E+01
  0.983442229146E+00  0.109719076176E+01
  0.101542131705E+01  0.108748266072E+01
  0.104844028511E+01  0.107544702285E+01
  0.108253294765E+01  0.106104445518E+01
  0.111773421852E+01  0.104424332881E+01
  0.115408014690E+01  0.102501695661E+01
  0.119160795419E+01  0.100333945081E+01
  0.123035607217E+01  0.979180085887E+00
  0.127036418227E+01  0.952496037374E+00
  0.131167325631E+01  0.923223445276E+00
  0.135432559838E+01  0.891278307494E+00
  0.139836488821E+01  0.856804337385E+00
  0.144383622588E+01  0.820196475630E+00
  0.149078617801E+01  0.781857978831E+00
  0.153926282547E+01  0.742185206495E+00
  0.158931581256E+01  0.701563114160E+00
  0.164099639793E+01  0.660362551642E+00
  0.169435750700E+01  0.618936449009E+00
  0.174945378622E+01  0.577617141658E+00
  0.180634165900E+01  0.536713957581E+00
  0.186507938348E+01  0.496511227105E+00
  0.192572711222E+01  0.457266713681E+00
  0.198834695381E+01  0.419210453850E+00
  0.205300303643E+01  0.382543984329E+00
  0.211976157356E+01  0.347439925961E+00
  0.218869093177E+01  0.314041890483E+00
  0.225986170076E+01  0.282464678286E+00
  0.233334676560E+01  0.252794744639E+00
  0.240922138143E+01  0.225090926751E+00
  0.248756325048E+01  0.199385440045E+00
  0.256845260168E+01  0.175685166281E+00
  0.265197227278E+01  0.153973252713E+00
  0.273820779523E+01  0.134211036632E+00
  0.282724748173E+01  0.116340284656E+00
  0.291918251672E+01  0.100285706698E+00
  0.301410704970E+01  0.859576811666E-01
  0.311211829167E+01  0.732551075421E-01
  0.321331661473E+01  0.620682936860E-01
  0.331780565480E+01  0.522817858181E-01
  0.342569241778E+01  0.437770569045E-01
  0.353708738915E+01  0.364349818929E-01
  0.365210464709E+01  0.301380444989E-01
  0.377086197933E+01  0.247722408875E-01
  0.389348100375E+01  0.202286736091E-01
  0.402008729294E+01  0.164048688018E-01
  0.415081050282E+01  0.132058992946E-01
  0.428578450536E+01  0.105454208480E-01
  0.442514752575E+01  0.834661083503E-02
  0.456904228390E+01  0.654261722231E-02
  0.471761614060E+01  0.507583983789E-02
  0.487102124848E+01  0.389602844818E-02
  0.502941470777E+01  0.295831671254E-02
  0.519295872721E+01  0.222220245663E-02
  0.536182079017E+01  0.165142285906E-02
  0.553617382616E+01  0.121414844246E-02
  0.571619638792E+01  0.883079405883E-03
  0.590207283429E+01  0.635314154125E-03
  0.609399351899E+01  0.452019961182E-03
  0.629215498558E+01  0.317982791370E-03
  0.649676016870E+01  0.221107886130E-03
  0.670801860195E+01  0.151922342258E-03
  0.692614663243E+01  0.103111061940E-03
  0.715136764229E+01  0.691024915849E-04
  0.738391227754E+01  0.457105367327E-04
  0.762401868420E+01  0.298328076684E-04
  0.787193275221E+01  0.192017368593E-04
  0.812790836724E+01  0.121832082432E-04
  0.839220767069E+01  0.761652661869E-05
  0.866510132814E+01  0.468942462395E-05
  0.894686880655E+01  0.284209076953E-05
  0.923779866043E+01  0.169472995043E-05
  0.953818882738E+01  0.993834404152E-06
  0.984834693318E+01  0.572901046803E-06
  0.101685906068E+02  0.324374073982E-06
  0.104992478058E+02  0.180279747682E-06
  0.108406571521E+02  0.982935070575E-07
  0.111931682785E+02  0.525428490365E-07
  0.115571421874E+02  0.275193320725E-07
  0.119329516198E+02  0.141127856929E-07
  0.123209814374E+02  0.708179826859E-08
  0.127216290166E+02  0.347476669987E-08
  0.131353046557E+02  0.166588149274E-08
  0.135624319945E+02  0.779782328206E-09
  0.140034484488E+02  0.356104210368E-09
  0.144588056580E+02  0.158528618079E-09
  0.149289699477E+02  0.687394384887E-10
  0.154144228072E+02  0.290068833925E-10
  0.159156613826E+02  0.119017212668E-10
  0.164331989861E+02  0.474390909978E-11
  0.169675656213E+02  0.183515235382E-11
  0.175193085264E+02  0.688327351488E-12
  0.180889927343E+02  0.250074410804E-12
  0.186772016515E+02  0.879113210824E-13
  0.192845376553E+02  0.298715014897E-13
  0.199116227108E+02  0.980000453629E-14
  0.205590990080E+02  0.310068182939E-14
  0.212276296190E+02  0.945014605874E-15
  0.219178991778E+02  0.277103730686E-15
  0.226306145806E+02  0.780771324344E-16
  0.233665057102E+02  0.211115676779E-16
  0.241263261836E+02  0.547081040611E-17
  0.249108541233E+02  0.135680718674E-17
  0.257208929544E+02  0.321589167328E-18
  0.265572722275E+02  0.727383107353E-19
  0.274208484681E+02  0.156763473474E-19
  0.283125060536E+02  0.321415482810E-20
  0.292331581194E+02  0.625932906097E-21
  0.301837474936E+02  0.115585810938E-21
  0.311652476629E+02  0.202046319069E-22
  0.321786637691E+02  0.333731824547E-23
  0.332250336389E+02  0.519937586416E-24
  0.343054288465E+02  0.762594797200E-25
  0.354209558111E+02  0.105095081741E-25
  0.365727569295E+02  0.135815380224E-26
  0.377620117470E+02  0.164315607029E-27
  0.389899381643E+02  0.192777575468E-28
  0.402577936855E+02  0.000000000000E+00
  0.415668767052E+02  0.000000000000E+00
  0.429185278390E+02  0.000000000000E+00
  0.443141312957E+02  0.000000000000E+00
  0.457551162952E+02  0.000000000000E+00
  0.472429585320E+02  0.000000000000E+00
  0.487791816867E+02  0.000000000000E+00
& 1 = L
  0.687732028097E-04  0.604540724420E-08
  0.710095357969E-04  0.644496270907E-08
  0.733185887539E-04  0.687092575287E-08
  0.757027263526E-04  0.732504171579E-08
  0.781643901584E-04  0.780917129178E-08
  0.807061011301E-04  0.832529815247E-08
  0.833304622017E-04  0.887553707514E-08
  0.860401609484E-04  0.946214260774E-08
  0.888379723385E-04  0.100875183067E-07
  0.917267615753E-04  0.107542265853E-07
  0.947094870315E-04  0.114649992127E-07
  0.977892032785E-04  0.122227485075E-07
  0.100969064215E-03  0.130305792701E-07
  0.104252326296E-03  0.138918015049E-07
  0.107642351870E-03  0.148099439822E-07
  0.111142612618E-03  0.157887686971E-07
  0.114756693113E-03  0.168322862843E-07
  0.118488294490E-03  0.179447724507E-07
  0.122341238235E-03  0.191307854950E-07
  0.126319470098E-03  0.203951849847E-07
  0.130427064137E-03  0.217431516677E-07
  0.134668226887E-03  0.231802087001E-07
  0.139047301669E-03  0.247122442764E-07
  0.143568773039E-03  0.263455357562E-07
  0.148237271378E-03  0.280867753846E-07
  0.153057577636E-03  0.299430977133E-07
  0.158034628229E-03  0.319221088335E-07
  0.163173520091E-03  0.340319175411E-07
  0.168479515896E-03  0.362811685618E-07
  0.173958049448E-03  0.386790779719E-07
  0.179614731244E-03  0.412354709601E-07
  0.185455354220E-03  0.439608220853E-07
  0.191485899685E-03  0.468662981950E-07
  0.197712543444E-03  0.499638041803E-07
  0.204141662124E-03  0.532660317550E-07
  0.210779839705E-03  0.567865114584E-07
  0.217633874261E-03  0.605396680954E-07
  0.224710784922E-03  0.645408798408E-07
  0.232017819063E-03  0.688065412494E-07
  0.239562459725E-03  0.733541304312E-07
  0.247352433280E-03  0.782022806660E-07
  0.255395717341E-03  0.833708567514E-07
  0.263700548935E-03  0.888810363968E-07
  0.272275432934E-03  0.947553969965E-07
  0.281129150769E-03  0.101018008138E-06
  0.290270769420E-03  0.107694530227E-06
  0.299709650705E-03  0.114812319622E-06
  0.309455460862E-03  0.122400540732E-06
  0.319518180452E-03  0.130490285510E-06
  0.329908114580E-03  0.139114700847E-06
  0.340635903446E-03  0.148309124394E-06
  0.351712533243E-03  0.158111229347E-06
  0.363149347409E-03  0.168561178816E-06
  0.374958058240E-03  0.179701790383E-06
  0.387150758888E-03  0.191578711544E-06
  0.399739935744E-03  0.204240606747E-06
  0.412738481225E-03  0.217739356786E-06
  0.426159706978E-03  0.232130271379E-06
  0.440017357510E-03  0.247472315792E-06
  0.454325624267E-03  0.263828352443E-06
  0.469099160165E-03  0.281265398472E-06
  0.484353094594E-03  0.299854900340E-06
  0.500103048917E-03  0.319673026567E-06
  0.516365152463E-03  0.340800979829E-06
  0.533156059048E-03  0.363325329673E-06
  0.550492964027E-03  0.387338367226E-06
  0.568393621905E-03  0.412938483348E-06
  0.586876364520E-03  0.440230571774E-06
  0.605960119817E-03  0.469326458906E-06
  0.625664431228E-03  0.500345362008E-06
  0.646009477690E-03  0.533414377679E-06
  0.667016094308E-03  0.568669002622E-06
  0.688705793693E-03  0.606253688819E-06
  0.711100787993E-03  0.646322435405E-06
  0.734224011639E-03  0.689039419661E-06
  0.758099144833E-03  0.734579669707E-06
  0.782750637796E-03  0.783129781656E-06
  0.808203735814E-03  0.834888684163E-06
  0.834484505081E-03  0.890068453512E-06
  0.861619859402E-03  0.948895182563E-06
  0.889637587751E-03  0.101160990714E-05
  0.918566382730E-03  0.107846959363E-05
  0.948435869953E-03  0.114974819187E-05
  0.979276638386E-03  0.122573775761E-05
  0.101112027167E-02  0.130674964917E-05
  0.104399938047E-02  0.139311580318E-05
  0.107794763586E-02  0.148519009462E-05
  0.111299980383E-02  0.158334978677E-05
  0.114919178085E-02  0.168799707700E-05
  0.118656063069E-02  0.179956074465E-05
  0.122514462229E-02  0.191849790792E-05
  0.126498326904E-02  0.204529589682E-05
  0.130611736920E-02  0.218047424986E-05
  0.134858904769E-02  0.232458684281E-05
  0.139244179920E-02  0.247822415805E-05
  0.143772053279E-02  0.264201570396E-05
  0.148447161784E-02  0.281663259416E-05
  0.153274293155E-02  0.300279029728E-05
  0.158258390796E-02  0.320125156838E-05
  0.163404558858E-02  0.341282957417E-05
  0.168718067468E-02  0.363839122471E-05
  0.174204358122E-02  0.387886072537E-05
  0.179869049261E-02  0.413522336347E-05
  0.185717942025E-02  0.440852954520E-05
  0.191757026190E-02  0.469989909935E-05
  0.197992486306E-02  0.501052586542E-05
  0.204430708030E-02  0.534168258496E-05
  0.211078284663E-02  0.569472611620E-05
  0.217942023905E-02  0.607110299322E-05
  0.225028954823E-02  0.647235535262E-05
  0.232346335055E-02  0.690012725171E-05
  0.239901658238E-02  0.735617140437E-05
  0.247702661683E-02  0.784235636198E-05
  0.255757334298E-02  0.836067416889E-05
  0.264073924773E-02  0.891324852386E-05
  0.272660950022E-02  0.950234348074E-05
  0.281527203911E-02  0.101303727242E-04
  0.290681766258E-02  0.107999094583E-04
  0.300134012134E-02  0.115136969488E-04
  0.309893621466E-02  0.122746597615E-04
  0.319970588946E-02  0.130859157440E-04
  0.330375234270E-02  0.139507887986E-04
  0.341118212703E-02  0.148728224995E-04
  0.352210525994E-02  0.158557946096E-04
  0.363663533642E-02  0.169037325566E-04
  0.375488964526E-02  0.180209299317E-04
  0.387698928922E-02  0.192119640787E-04
  0.400305930900E-02  0.204817148444E-04
  0.413322881132E-02  0.218353845688E-04
  0.426763110112E-02  0.232785193957E-04
  0.440640381809E-02  0.248170319912E-04
  0.454968907762E-02  0.264572257629E-04
  0.469763361634E-02  0.282058206798E-04
  0.485038894238E-02  0.300699807971E-04
  0.500811149055E-02  0.320573436002E-04
  0.517096278251E-02  0.341760512865E-04
  0.533910959222E-02  0.364347841137E-04
  0.551272411671E-02  0.388427959512E-04
  0.569198415242E-02  0.414099521791E-04
  0.587707327729E-02  0.441467700916E-04
  0.606818103877E-02  0.470644619673E-04
  0.626550314789E-02  0.501749809854E-04
  0.646924167974E-02  0.534910701733E-04
  0.667960528038E-02  0.570263145874E-04
  0.689680938052E-02  0.607951969384E-04
  0.712107641614E-02  0.648131568909E-04
  0.735263605628E-02  0.690966542768E-04
  0.759172543825E-02  0.736632364835E-04
  0.783858941046E-02  0.785316102895E-04
  0.809348078320E-02  0.837217184429E-04
  0.835666058750E-02  0.892548212939E-04
  0.862839834249E-02  0.951535838153E-04
  0.890897233137E-02  0.101442168366E-03
  0.919866988642E-02  0.108146333574E-03
  0.949778768325E-02  0.115293539748E-03
  0.980663204462E-02  0.122913061238E-03
  0.101255192542E-01  0.131036106208E-03
  0.104547758802E-01  0.139695944316E-03
  0.107947391104E-01  0.148928042805E-03
  0.111457570967E-01  0.158770211571E-03
  0.115081893122E-01  0.169262757796E-03
  0.118824069192E-01  0.180448650774E-03
  0.122687931492E-01  0.192373697595E-03
  0.126677436955E-01  0.205086730412E-03
  0.130796671184E-01  0.218639806043E-03
  0.135049852633E-01  0.233088418713E-03
  0.139441336932E-01  0.248491726817E-03
  0.143975621346E-01  0.264912794601E-03
  0.148657349377E-01  0.282418849753E-03
  0.153491315524E-01  0.301081557948E-03
  0.158482470190E-01  0.320977315446E-03
  0.163635924756E-01  0.342187560929E-03
  0.168956956807E-01  0.364799107847E-03
  0.174451015546E-01  0.388904498590E-03
  0.180123727370E-01  0.414602381936E-03
  0.185980901630E-01  0.441997915273E-03
  0.192028536585E-01  0.471203193226E-03
  0.198272825543E-01  0.502337704399E-03
  0.204720163199E-01  0.535528818064E-03
  0.211377152192E-01  0.570912302745E-03
  0.218250609860E-01  0.608632878771E-03
  0.225347575224E-01  0.648844806987E-03
  0.232675316197E-01  0.691712515986E-03
  0.240241337025E-01  0.737411270335E-03
  0.248053385977E-01  0.786127882453E-03
  0.256119463271E-01  0.838061470951E-03
  0.264447829277E-01  0.893424268429E-03
  0.273047012968E-01  0.952442481899E-03
  0.281925820661E-01  0.101535720922E-02
  0.291093345030E-01  0.108242541515E-02
  0.300558974421E-01  0.115392097071E-02
  0.310332402466E-01  0.123013576013E-02
  0.320423638010E-01  0.131138085935E-02
  0.330843015359E-01  0.139798779095E-02
  0.341601204866E-01  0.149030986004E-02
  0.352709223857E-01  0.158872357638E-02
  0.364178447915E-01  0.169363016817E-02
  0.376020622527E-01  0.180545719310E-02
  0.388247875115E-01  0.192466025281E-02
  0.400872727454E-01  0.205172481719E-02
  0.413908108496E-01  0.218716816528E-02
  0.427367367610E-01  0.233154144988E-02
  0.441264288253E-01  0.248543189359E-02
  0.455613102087E-01  0.264946512406E-02
  0.470428503551E-01  0.282430765706E-02
  0.485725664911E-01  0.301066953608E-02
  0.501520251797E-01  0.320930713791E-02
  0.517828439245E-01  0.342102615397E-02
  0.534666928266E-01  0.364668475765E-02
  0.552052962942E-01  0.388719696857E-02
  0.570004348093E-01  0.414353622494E-02
  0.588539467506E-01  0.441673917605E-02
  0.607677302763E-01  0.470790970711E-02
  0.627437452680E-01  0.501822320933E-02
  0.647840153376E-01  0.534893110887E-02
  0.668906299000E-01  0.570136566825E-02
  0.690657463126E-01  0.607694507501E-02
  0.713115920848E-01  0.647717883227E-02
  0.736304671587E-01  0.690367346660E-02
  0.760247462651E-01  0.735813856904E-02
  0.784968813551E-01  0.784239318527E-02
  0.810494041110E-01  0.835837257128E-02
  0.836849285392E-01  0.890813533127E-02
  0.864061536469E-01  0.949387095419E-02
  0.892158662065E-01  0.101179077658E-01
  0.921169436092E-01  0.107827213127E-01
  0.951123568117E-01  0.114909431940E-01
  0.982051733789E-01  0.122453703567E-01
  0.101398560625E+00  0.130489748694E-01
  0.104695788858E+00  0.139049141880E-01
  0.108100234728E+00  0.148165419249E-01
  0.111615384684E+00  0.157874191333E-01
  0.115244838548E+00  0.168213261142E-01
  0.118992313197E+00  0.179222747511E-01
  0.122861646372E+00  0.190945213751E-01
  0.126856800610E+00  0.203425801580E-01
  0.130981867297E+00  0.216712370274E-01
  0.135241070862E+00  0.230855640900E-01
  0.139638773101E+00  0.245909345456E-01
  0.144179477646E+00  0.261930380641E-01
  0.148867834575E+00  0.278978965900E-01
  0.153708645176E+00  0.297118805280E-01
  0.158706866861E+00  0.316417252521E-01
  0.163867618246E+00  0.336945478651E-01
  0.169196184391E+00  0.358778641220E-01
  0.174698022215E+00  0.381996054113E-01
  0.180378766079E+00  0.406681356672E-01
  0.186244233562E+00  0.432922680656E-01
  0.192300431415E+00  0.460812813272E-01
  0.198553561714E+00  0.490449354249E-01
  0.205010028210E+00  0.521934864582E-01
  0.211676442890E+00  0.555377004222E-01
  0.218559632744E+00  0.590888655575E-01
  0.225666646762E+00  0.628588029234E-01
  0.233004763145E+00  0.668598747883E-01
  0.240581496767E+00  0.711049903743E-01
  0.248404606864E+00  0.756076084398E-01
  0.256482104986E+00  0.803817361152E-01
  0.264822263195E+00  0.854419233399E-01
  0.273433622544E+00  0.908032521789E-01
  0.282325001815E+00  0.964813202136E-01
  0.291505506559E+00  0.102492217125E+00
  0.300984538415E+00  0.108852493503E+00
  0.310771804740E+00  0.115579120817E+00
  0.320877328549E+00  0.122689441423E+00
  0.331311458783E+00  0.130201107361E+00
  0.342084880902E+00  0.138132006633E+00
  0.353208627831E+00  0.146500175588E+00
  0.364694091260E+00  0.155323695936E+00
  0.376553033308E+00  0.164620574904E+00
  0.388797598566E+00  0.174408606972E+00
  0.401440326540E+00  0.184705215658E+00
  0.414494164488E+00  0.195527273812E+00
  0.427972480680E+00  0.206890900956E+00
  0.441889078091E+00  0.218811236322E+00
  0.456258208533E+00  0.231302186389E+00
  0.471094587249E+00  0.244376145968E+00
  0.486413407989E+00  0.258043692188E+00
  0.502230358564E+00  0.272313251110E+00
  0.518561636913E+00  0.287190737204E+00
  0.535423967692E+00  0.302679166469E+00
  0.552834619402E+00  0.318778244678E+00
  0.570811422071E+00  0.335483932957E+00
  0.589372785517E+00  0.352787993773E+00
  0.608537718197E+00  0.370677521283E+00
  0.628325846676E+00  0.389134460904E+00
  0.648757435729E+00  0.408135123832E+00
  0.669853409087E+00  0.427649702968E+00
  0.691635370871E+00  0.447641797269E+00
  0.714125627712E+00  0.468067951654E+00
  0.737347211600E+00  0.488877219300E+00
  0.761323903465E+00  0.510010752013E+00
  0.786080257535E+00  0.531401422362E+00
  0.811641626479E+00  0.552973477929E+00
  0.838034187374E+00  0.574642223221E+00
  0.865284968508E+00  0.596313718158E+00
  0.893421877062E+00  0.617884473270E+00
  0.922473727689E+00  0.639241110765E+00
  0.952470272023E+00  0.660259947211E+00
  0.983442229146E+00  0.680806438095E+00
  0.101542131705E+01  0.700734407228E+00
  0.104844028511E+01  0.719884966134E+00
  0.108253294765E+01  0.738085011491E+00
  0.111773421852E+01  0.755145175144E+00
  0.115408014690E+01  0.770857094425E+00
  0.119160795419E+01  0.784989875326E+00
  0.123035607217E+01  0.797285643506E+00
  0.127036418227E+01  0.807454125455E+00
  0.131167325631E+01  0.815166283041E+00
  0.135432559838E+01  0.820057518639E+00
  0.139836488821E+01  0.821959196157E+00
  0.144383622588E+01  0.820938809197E+00
  0.149078617801E+01  0.817089107342E+00
  0.153926282547E+01  0.810516987144E+00
  0.158931581256E+01  0.801342299013E+00
  0.164099639793E+01  0.789696832405E+00
  0.169435750700E+01  0.775723139159E+00
  0.174945378622E+01  0.759573522855E+00
  0.180634165900E+01  0.741409046088E+00
  0.186507938348E+01  0.721398594667E+00
  0.192572711222E+01  0.699718000709E+00
  0.198834695381E+01  0.676549198953E+00
  0.205300303643E+01  0.652079383785E+00
  0.211976157356E+01  0.626500113180E+00
  0.218869093177E+01  0.600006289736E+00
  0.225986170076E+01  0.572794940568E+00
  0.233334676560E+01  0.545063723324E+00
  0.240922138143E+01  0.517009110026E+00
  0.248756325048E+01  0.488824243317E+00
  0.256845260168E+01  0.460696710784E+00
  0.265197227278E+01  0.432805147913E+00
  0.273820779523E+01  0.405317800344E+00
  0.282724748173E+01  0.378389189762E+00
  0.291918251672E+01  0.352158041428E+00
  0.301410704970E+01  0.326745369826E+00
  0.311211829167E+01  0.302252995848E+00
  0.321331661473E+01  0.278762530576E+00
  0.331780565480E+01  0.256334833633E+00
  0.342569241778E+01  0.235009936591E+00
  0.353708738915E+01  0.214807413982E+00
  0.365210464709E+01  0.195727190764E+00
  0.377086197933E+01  0.177750815781E+00
  0.389348100375E+01  0.160843355976E+00
  0.402008729294E+01  0.144956371429E+00
  0.415081050282E+01  0.130033019350E+00
  0.428578450536E+01  0.116017007231E+00
  0.442514752575E+01  0.102866451115E+00
  0.456904228390E+01  0.905688291449E-01
  0.471761614060E+01  0.791457692957E-01
  0.487102124848E+01  0.686391782133E-01
  0.502941470777E+01  0.590868351540E-01
  0.519295872721E+01  0.505037401637E-01
  0.536182079017E+01  0.428761197044E-01
  0.553617382616E+01  0.361647448624E-01
  0.571619638792E+01  0.303120048419E-01
  0.590207283429E+01  0.252491424309E-01
  0.609399351899E+01  0.209021646126E-01
  0.629215498558E+01  0.171961406131E-01
  0.649676016870E+01  0.140580939467E-01
  0.670801860195E+01  0.114188227915E-01
  0.692614663243E+01  0.921395971290E-02
  0.715136764229E+01  0.738451352957E-02
  0.738391227754E+01  0.587706715242E-02
  0.762401868420E+01  0.464374995052E-02
  0.787193275221E+01  0.364206345230E-02
  0.812790836724E+01  0.283461240069E-02
  0.839220767069E+01  0.218877587229E-02
  0.866510132814E+01  0.167634225388E-02
  0.894686880655E+01  0.127312513705E-02
  0.923779866043E+01  0.958572609811E-03
  0.953818882738E+01  0.715386627745E-03
  0.984834693318E+01  0.529055974364E-03
  0.101685906068E+02  0.387473092260E-03
  0.104992478058E+02  0.280937896835E-03
  0.108406571521E+02  0.201591291787E-03
  0.111931682785E+02  0.143114724527E-03
  0.115571421874E+02  0.100484935802E-03
  0.119329516198E+02  0.697539963487E-04
  0.123209814374E+02  0.478553446379E-04
  0.127216290166E+02  0.324355267539E-04
  0.131353046557E+02  0.217105409377E-04
  0.135624319945E+02  0.143450979770E-04
  0.140034484488E+02  0.935270912366E-05
  0.144588056580E+02  0.601428396653E-05
  0.149289699477E+02  0.381283618619E-05
  0.154144228072E+02  0.238192788391E-05
  0.159156613826E+02  0.146560549594E-05
  0.164331989861E+02  0.887765797126E-06
  0.169675656213E+02  0.529115260879E-06
  0.175193085264E+02  0.310129516446E-06
  0.180889927343E+02  0.178665086839E-06
  0.186772016515E+02  0.101110241694E-06
  0.192845376553E+02  0.561767423261E-07
  0.199116227108E+02  0.306240588102E-07
  0.205590990080E+02  0.163698273143E-07
  0.212276296190E+02  0.857476416167E-08
  0.219178991778E+02  0.439855024460E-08
  0.226306145806E+02  0.220805271489E-08
  0.233665057102E+02  0.108396539274E-08
  0.241263261836E+02  0.520009346812E-09
  0.249108541233E+02  0.243595932523E-09
  0.257208929544E+02  0.111340936654E-09
  0.265572722275E+02  0.496155189377E-10
  0.274208484681E+02  0.215376652585E-10
  0.283125060536E+02  0.909969971733E-11
  0.292331581194E+02  0.373869263033E-11
  0.301837474936E+02  0.149238617540E-11
  0.311652476629E+02  0.578233305810E-12
  0.321786637691E+02  0.217252041104E-12
  0.332250336389E+02  0.790730145234E-13
  0.343054288465E+02  0.278514040620E-13
  0.354209558111E+02  0.948323290181E-14
  0.365727569295E+02  0.311800936302E-14
  0.377620117470E+02  0.988816621499E-15
  0.389899381643E+02  0.302107247526E-15
  0.402577936855E+02  0.888150978050E-16
  0.415668767052E+02  0.250927904068E-16
  0.429185278390E+02  0.680434538513E-17
  0.443141312957E+02  0.176855936482E-17
  0.457551162952E+02  0.439998203424E-18
  0.472429585320E+02  0.104631640849E-18
  0.487791816867E+02  0.237475717545E-19
&
