& Pb  4  422 a ! ZNUL LDIM  NMAX +1
& T T T T
& 0.0  0.0  0.0  0.0
& 2 = L
  0.687732028097E-04  0.165871698998E-11
  0.710095357969E-04  0.182584776025E-11
  0.733185887539E-04  0.200981847031E-11
  0.757027263526E-04  0.221232589669E-11
  0.781643901584E-04  0.243523778156E-11
  0.807061011301E-04  0.268061005900E-11
  0.833304622017E-04  0.295070581709E-11
  0.860401609484E-04  0.324801617053E-11
  0.888379723385E-04  0.357528323642E-11
  0.917267615753E-04  0.393552542498E-11
  0.947094870315E-04  0.433206527859E-11
  0.977892032785E-04  0.476856011591E-11
  0.100969064215E-03  0.524903576354E-11
  0.104252326296E-03  0.577792368663E-11
  0.107642351870E-03  0.636010186053E-11
  0.111142612618E-03  0.700093976082E-11
  0.114756693113E-03  0.770634788636E-11
  0.118488294490E-03  0.848283227232E-11
  0.122341238235E-03  0.933755449580E-11
  0.126319470098E-03  0.102783977277E-10
  0.130427064137E-03  0.113140394396E-10
  0.134668226887E-03  0.124540314372E-10
  0.139047301669E-03  0.137088879569E-10
  0.143568773039E-03  0.150901826395E-10
  0.148237271378E-03  0.166106552752E-10
  0.153057577636E-03  0.182843293031E-10
  0.158034628229E-03  0.201266411509E-10
  0.163173520091E-03  0.221545826058E-10
  0.168479515896E-03  0.243868575316E-10
  0.173958049448E-03  0.268440543755E-10
  0.179614731244E-03  0.295488360571E-10
  0.185455354220E-03  0.325261489898E-10
  0.191485899685E-03  0.358034531643E-10
  0.197712543444E-03  0.394109754133E-10
  0.204141662124E-03  0.433819881962E-10
  0.210779839705E-03  0.477531164736E-10
  0.217633874261E-03  0.525646755020E-10
  0.224710784922E-03  0.578610426641E-10
  0.232017819063E-03  0.636910667648E-10
  0.239562459725E-03  0.701085185677E-10
  0.247352433280E-03  0.771725867260E-10
  0.255395717341E-03  0.849484236844E-10
  0.263700548935E-03  0.935077465844E-10
  0.272275432934E-03  0.102929498717E-09
  0.281129150769E-03  0.113300577621E-09
  0.290270769420E-03  0.124716636546E-09
  0.299709650705E-03  0.137282966671E-09
  0.309455460862E-03  0.151115468208E-09
  0.319518180452E-03  0.166341719360E-09
  0.329908114580E-03  0.183102152982E-09
  0.340635903446E-03  0.201551351804E-09
  0.351712533243E-03  0.221859474159E-09
  0.363149347409E-03  0.244213823358E-09
  0.374958058240E-03  0.268820575207E-09
  0.387150758888E-03  0.295906679575E-09
  0.399739935744E-03  0.325721953570E-09
  0.412738481225E-03  0.358541385612E-09
  0.426159706978E-03  0.394667671672E-09
  0.440017357510E-03  0.434434007050E-09
  0.454325624267E-03  0.478207159458E-09
  0.469099160165E-03  0.526390851734E-09
  0.484353094594E-03  0.579429485399E-09
  0.500103048917E-03  0.637812239398E-09
  0.516365152463E-03  0.702077581816E-09
  0.533156059048E-03  0.772818236196E-09
  0.550492964027E-03  0.850686648253E-09
  0.568393621905E-03  0.936401003407E-09
  0.586876364520E-03  0.103075185064E-08
  0.605960119817E-03  0.113460939374E-08
  0.625664431228E-03  0.124893151724E-08
  0.646009477690E-03  0.137477262102E-08
  0.667016094308E-03  0.151329334501E-08
  0.688705793693E-03  0.166577127387E-08
  0.711100787993E-03  0.183361272014E-08
  0.734224011639E-03  0.201836569467E-08
  0.758099144833E-03  0.222173418398E-08
  0.782750637796E-03  0.244559386608E-08
  0.808203735814E-03  0.269200940990E-08
  0.834484505081E-03  0.296325351770E-08
  0.861619859402E-03  0.326182788616E-08
  0.889637587751E-03  0.359048627952E-08
  0.918566382730E-03  0.395225992749E-08
  0.948435869953E-03  0.435048548212E-08
  0.979276638386E-03  0.478883579173E-08
  0.101112027167E-02  0.527135377533E-08
  0.104399938047E-02  0.580248971027E-08
  0.107794763586E-02  0.638714227692E-08
  0.111299980383E-02  0.703070373879E-08
  0.114919178085E-02  0.773910967498E-08
  0.118656063069E-02  0.851889372344E-08
  0.122514462229E-02  0.937724784008E-08
  0.126498326904E-02  0.103220886293E-07
  0.130611736920E-02  0.113621303579E-07
  0.134858904769E-02  0.125069653255E-07
  0.139244179920E-02  0.137671523326E-07
  0.143772053279E-02  0.151543140629E-07
  0.148447161784E-02  0.166812442771E-07
  0.153274293155E-02  0.183620258067E-07
  0.158258390796E-02  0.202121604372E-07
  0.163404558858E-02  0.222487118772E-07
  0.168718067468E-02  0.244904631321E-07
  0.174204358122E-02  0.269580897347E-07
  0.179869049261E-02  0.296743504289E-07
  0.185717942025E-02  0.326642970659E-07
  0.191757026190E-02  0.359555056480E-07
  0.197992486306E-02  0.395783306514E-07
  0.204430708030E-02  0.435661849722E-07
  0.211078284663E-02  0.479558480780E-07
  0.217942023905E-02  0.527878052067E-07
  0.225028954823E-02  0.581066207402E-07
  0.232346335055E-02  0.639613491954E-07
  0.239901658238E-02  0.704059876237E-07
  0.247702661683E-02  0.774999735897E-07
  0.255757334298E-02  0.853087333211E-07
  0.264073924773E-02  0.939042850843E-07
  0.272660950022E-02  0.103365903349E-06
  0.281527203911E-02  0.113780849866E-06
  0.290681766258E-02  0.125245178401E-06
  0.300134012134E-02  0.137864620538E-06
  0.309893621466E-02  0.151755560727E-06
  0.319970588946E-02  0.167046109562E-06
  0.330375234270E-02  0.183877285184E-06
  0.341118212703E-02  0.202404313703E-06
  0.352210525994E-02  0.222798060624E-06
  0.363663533642E-02  0.245246606479E-06
  0.375488964526E-02  0.269956981181E-06
  0.387698928922E-02  0.297157073104E-06
  0.400305930900E-02  0.327097730462E-06
  0.413322881132E-02  0.360055074385E-06
  0.426763110112E-02  0.396333044988E-06
  0.440640381809E-02  0.436266203913E-06
  0.454968907762E-02  0.480222819177E-06
  0.469763361634E-02  0.528608260739E-06
  0.485038894238E-02  0.581868738096E-06
  0.500811149055E-02  0.640495414344E-06
  0.517096278251E-02  0.705028934607E-06
  0.533910959222E-02  0.776064410567E-06
  0.551272411671E-02  0.854256907020E-06
  0.569198415242E-02  0.940327480995E-06
  0.587707327729E-02  0.103506982908E-05
  0.606818103877E-02  0.113935760417E-05
  0.626550314789E-02  0.125415246906E-05
  0.646924167974E-02  0.138051296102E-05
  0.667960528038E-02  0.151960424898E-05
  0.689680938052E-02  0.167270887322E-05
  0.712107641614E-02  0.184123856641E-05
  0.735263605628E-02  0.202674726475E-05
  0.759172543825E-02  0.223094542918E-05
  0.783858941046E-02  0.245571580820E-05
  0.809348078320E-02  0.270313078757E-05
  0.835666058750E-02  0.297547148639E-05
  0.862839834249E-02  0.327524877531E-05
  0.890897233137E-02  0.360522641010E-05
  0.919866988642E-02  0.396844649347E-05
  0.949778768325E-02  0.436825749903E-05
  0.980663204462E-02  0.480834511522E-05
  0.101255192542E-01  0.529276619255E-05
  0.104547758802E-01  0.582598610598E-05
  0.107947391104E-01  0.641291987596E-05
  0.111457570967E-01  0.705897742533E-05
  0.115081893122E-01  0.777011338798E-05
  0.118824069192E-01  0.855288192611E-05
  0.122687931492E-01  0.941449705927E-05
  0.126677436955E-01  0.103628990583E-04
  0.130796671184E-01  0.114068275131E-04
  0.135049852633E-01  0.125559017437E-04
  0.139441336932E-01  0.138207092914E-04
  0.143975621346E-01  0.152129033003E-04
  0.148657349377E-01  0.167453096802E-04
  0.153491315524E-01  0.184320450320E-04
  0.158482470190E-01  0.202886464123E-04
  0.163635924756E-01  0.223322141246E-04
  0.168956956807E-01  0.245815688400E-04
  0.174451015546E-01  0.270574244812E-04
  0.180123727370E-01  0.297825784472E-04
  0.185980901630E-01  0.327821209112E-04
  0.192028536585E-01  0.360836650979E-04
  0.198272825543E-01  0.397176006351E-04
  0.204720163199E-01  0.437173722819E-04
  0.211377152192E-01  0.481197865648E-04
  0.218250609860E-01  0.529653491027E-04
  0.225347575224E-01  0.582986356775E-04
  0.232675316197E-01  0.641687004075E-04
  0.240241337025E-01  0.706295247144E-04
  0.248053385977E-01  0.777405111330E-04
  0.256119463271E-01  0.855670264185E-04
  0.264447829277E-01  0.941809988342E-04
  0.273047012968E-01  0.103661574988E-03
  0.281925820661E-01  0.114095842108E-03
  0.291093345030E-01  0.125579622220E-03
  0.300558974421E-01  0.138218345324E-03
  0.310332402466E-01  0.152128009348E-03
  0.320423638010E-01  0.167436235421E-03
  0.330843015359E-01  0.184283427820E-03
  0.341601204866E-01  0.202824048856E-03
  0.352709223857E-01  0.223228019944E-03
  0.364178447915E-01  0.245682261183E-03
  0.376020622527E-01  0.270392382931E-03
  0.388247875115E-01  0.297584544164E-03
  0.400872727454E-01  0.327507493781E-03
  0.413908108496E-01  0.360434812553E-03
  0.427367367610E-01  0.396667375061E-03
  0.441264288253E-01  0.436536052772E-03
  0.455613102087E-01  0.480404681355E-03
  0.470428503551E-01  0.528673317463E-03
  0.485725664911E-01  0.581781812509E-03
  0.501520251797E-01  0.640213733457E-03
  0.517828439245E-01  0.704500663338E-03
  0.534666928266E-01  0.775226917130E-03
  0.552052962942E-01  0.853034711748E-03
  0.570004348093E-01  0.938629832308E-03
  0.588539467506E-01  0.103278784042E-02
  0.607677302763E-01  0.113636087420E-02
  0.627437452680E-01  0.125028509374E-02
  0.647840153376E-01  0.137558883047E-02
  0.668906299000E-01  0.151340150314E-02
  0.690657463126E-01  0.166496336863E-02
  0.713115920848E-01  0.183163618065E-02
  0.736304671587E-01  0.201491483525E-02
  0.760247462651E-01  0.221644008762E-02
  0.784968813551E-01  0.243801243083E-02
  0.810494041110E-01  0.268160723326E-02
  0.836849285392E-01  0.294939123795E-02
  0.864061536469E-01  0.324374053332E-02
  0.892158662065E-01  0.356726011130E-02
  0.921169436092E-01  0.392280513523E-02
  0.951123568117E-01  0.431350404566E-02
  0.982051733789E-01  0.474278363823E-02
  0.101398560625E+00  0.521439625249E-02
  0.104695788858E+00  0.573244921488E-02
  0.108100234728E+00  0.630143668208E-02
  0.111615384684E+00  0.692627403226E-02
  0.115244838548E+00  0.761233495160E-02
  0.118992313197E+00  0.836549136019E-02
  0.122861646372E+00  0.919215631566E-02
  0.126856800610E+00  0.100993300230E-01
  0.130981867297E+00  0.110946490649E-01
  0.135241070862E+00  0.121864389458E-01
  0.139638773101E+00  0.133837700182E-01
  0.144179477646E+00  0.146965168227E-01
  0.148867834575E+00  0.161354208297E-01
  0.153708645176E+00  0.177121565150E-01
  0.158706866861E+00  0.194394006321E-01
  0.163867618246E+00  0.213309044578E-01
  0.169196184391E+00  0.234015686875E-01
  0.174698022215E+00  0.256675205273E-01
  0.180378766079E+00  0.281461923858E-01
  0.186244233562E+00  0.308564013877E-01
  0.192300431415E+00  0.338184287240E-01
  0.198553561714E+00  0.370540976076E-01
  0.205010028210E+00  0.405868483150E-01
  0.211676442890E+00  0.444418084637E-01
  0.218559632744E+00  0.486458562904E-01
  0.225666646762E+00  0.532276742531E-01
  0.233004763145E+00  0.582177897815E-01
  0.240581496767E+00  0.636485994298E-01
  0.248404606864E+00  0.695543720469E-01
  0.256482104986E+00  0.759712258709E-01
  0.264822263195E+00  0.829370736622E-01
  0.273433622544E+00  0.904915291353E-01
  0.282325001815E+00  0.986757670110E-01
  0.291505506559E+00  0.107532328023E+00
  0.300984538415E+00  0.117104859172E+00
  0.310771804740E+00  0.127437778433E+00
  0.320877328549E+00  0.138575852098E+00
  0.331311458783E+00  0.150563671838E+00
  0.342084880902E+00  0.163445017727E+00
  0.353208627831E+00  0.177262092624E+00
  0.364694091260E+00  0.192054612874E+00
  0.376553033308E+00  0.207858740118E+00
  0.388797598566E+00  0.224705839396E+00
  0.401440326540E+00  0.242621049786E+00
  0.414494164488E+00  0.261621655796E+00
  0.427972480680E+00  0.281715250768E+00
  0.441889078091E+00  0.302897688070E+00
  0.456258208533E+00  0.325150822023E+00
  0.471094587249E+00  0.348440048795E+00
  0.486413407989E+00  0.372711668138E+00
  0.502230358564E+00  0.397890100334E+00
  0.518561636913E+00  0.423875009333E+00
  0.535423967692E+00  0.450538403105E+00
  0.552834619402E+00  0.477721805963E+00
  0.570811422071E+00  0.505233624959E+00
  0.589372785517E+00  0.532846863322E+00
  0.608537718197E+00  0.560297367629E+00
  0.628325846676E+00  0.587282830927E+00
  0.648757435729E+00  0.613462809688E+00
  0.669853409087E+00  0.638460045686E+00
  0.691635370871E+00  0.661863411158E+00
  0.714125627712E+00  0.683232812138E+00
  0.737347211600E+00  0.702106384556E+00
  0.761323903465E+00  0.718010293063E+00
  0.786080257535E+00  0.730471384400E+00
  0.811641626479E+00  0.739032845351E+00
  0.838034187374E+00  0.743272858766E+00
  0.865284968508E+00  0.742826028768E+00
  0.893421877062E+00  0.737407048700E+00
  0.922473727689E+00  0.726835706542E+00
  0.952470272023E+00  0.711061862915E+00
  0.983442229146E+00  0.690188506988E+00
  0.101542131705E+01  0.664490421053E+00
  0.104844028511E+01  0.634425410751E+00
  0.108253294765E+01  0.600634556413E+00
  0.111773421852E+01  0.563927614036E+00
  0.115408014690E+01  0.525249678643E+00
  0.119160795419E+01  0.485625688187E+00
  0.123035607217E+01  0.446080489213E+00
  0.127036418227E+01  0.407534211201E+00
  0.131167325631E+01  0.370675787668E+00
  0.135432559838E+01  0.335828083816E+00
  0.139836488821E+01  0.303027924702E+00
  0.144383622588E+01  0.272295906354E+00
  0.149078617801E+01  0.243636792320E+00
  0.153926282547E+01  0.217037817634E+00
  0.158931581256E+01  0.192470202695E+00
  0.164099639793E+01  0.169890681715E+00
  0.169435750700E+01  0.149243039130E+00
  0.174945378622E+01  0.130459636515E+00
  0.180634165900E+01  0.113462926725E+00
  0.186507938348E+01  0.981669557530E-01
  0.192572711222E+01  0.844788575210E-01
  0.198834695381E+01  0.723003471956E-01
  0.205300303643E+01  0.615292138759E-01
  0.211976157356E+01  0.520608047474E-01
  0.218869093177E+01  0.437894822082E-01
  0.225986170076E+01  0.366100279737E-01
  0.233334676560E+01  0.304189612348E-01
  0.240922138143E+01  0.251157396587E-01
  0.248756325048E+01  0.206038184109E-01
  0.256845260168E+01  0.167915446823E-01
  0.265197227278E+01  0.135928774339E-01
  0.273820779523E+01  0.109279285382E-01
  0.282724748173E+01  0.872332992854E-02
  0.291918251672E+01  0.691244012738E-02
  0.301410704970E+01  0.543541323747E-02
  0.311211829167E+01  0.423916117234E-02
  0.321331661473E+01  0.327723308072E-02
  0.331780565480E+01  0.250959177302E-02
  0.342569241778E+01  0.190219293810E-02
  0.353708738915E+01  0.142628195216E-02
  0.365210464709E+01  0.105751616029E-02
  0.377086197933E+01  0.775188591531E-03
  0.389348100375E+01  0.561714089156E-03
  0.402008729294E+01  0.402315651126E-03
  0.415081050282E+01  0.284776881735E-03
  0.428578450536E+01  0.199181386457E-03
  0.442514752575E+01  0.137624227090E-03
  0.456904228390E+01  0.939110752045E-04
  0.471761614060E+01  0.632657989499E-04
  0.487102124848E+01  0.420619940957E-04
  0.502941470777E+01  0.275869933219E-04
  0.519295872721E+01  0.178412837609E-04
  0.536182079017E+01  0.113725717355E-04
  0.553617382616E+01  0.714162136355E-05
  0.571619638792E+01  0.441597801600E-05
  0.590207283429E+01  0.268736948595E-05
  0.609399351899E+01  0.160867732272E-05
  0.629215498558E+01  0.946704745643E-06
  0.649676016870E+01  0.547418623548E-06
  0.670801860195E+01  0.310836527730E-06
  0.692614663243E+01  0.173218533105E-06
  0.715136764229E+01  0.946778734701E-07
  0.738391227754E+01  0.507285801676E-07
  0.762401868420E+01  0.266237630216E-07
  0.787193275221E+01  0.136767680942E-07
  0.812790836724E+01  0.687213438659E-08
  0.839220767069E+01  0.337505240475E-08
  0.866510132814E+01  0.161892308376E-08
  0.894686880655E+01  0.757868806378E-09
  0.923779866043E+01  0.345969778864E-09
  0.953818882738E+01  0.153886802314E-09
  0.984834693318E+01  0.666368818159E-10
  0.101685906068E+02  0.280670603996E-10
  0.104992478058E+02  0.114882687224E-10
  0.108406571521E+02  0.456542503034E-11
  0.111931682785E+02  0.175977509591E-11
  0.115571421874E+02  0.657278087549E-12
  0.119329516198E+02  0.237634686942E-12
  0.123209814374E+02  0.830763440779E-13
  0.127216290166E+02  0.280527222703E-13
  0.131353046557E+02  0.913925021090E-14
  0.135624319945E+02  0.286930017507E-14
  0.140034484488E+02  0.867055361389E-15
  0.144588056580E+02  0.251873091713E-15
  0.149289699477E+02  0.702460786983E-16
  0.154144228072E+02  0.187841300309E-16
  0.159156613826E+02  0.480942988834E-17
  0.164331989861E+02  0.117737657821E-17
  0.169675656213E+02  0.275183640838E-18
  0.175193085264E+02  0.613142184438E-19
  0.180889927343E+02  0.130033810324E-19
  0.186772016515E+02  0.262066580066E-20
  0.192845376553E+02  0.501082249359E-21
  0.199116227108E+02  0.907418422953E-22
  0.205590990080E+02  0.155361477692E-22
  0.212276296190E+02  0.251031638644E-23
  0.219178991778E+02  0.382076873999E-24
  0.226306145806E+02  0.546730145666E-25
  0.233665057102E+02  0.734061148941E-26
  0.241263261836E+02  0.922899282144E-27
  0.249108541233E+02  0.108907019853E-27
  0.257208929544E+02  0.159250580666E-28
  0.265572722275E+02  0.000000000000E+00
  0.274208484681E+02  0.000000000000E+00
  0.283125060536E+02  0.000000000000E+00
  0.292331581194E+02  0.000000000000E+00
  0.301837474936E+02  0.000000000000E+00
  0.311652476629E+02  0.000000000000E+00
  0.321786637691E+02  0.000000000000E+00
  0.332250336389E+02  0.000000000000E+00
  0.343054288465E+02  0.000000000000E+00
  0.354209558111E+02  0.000000000000E+00
  0.365727569295E+02  0.000000000000E+00
  0.377620117470E+02  0.000000000000E+00
  0.389899381643E+02  0.000000000000E+00
  0.402577936855E+02  0.000000000000E+00
  0.415668767052E+02  0.000000000000E+00
  0.429185278390E+02  0.000000000000E+00
  0.443141312957E+02  0.000000000000E+00
  0.457551162952E+02  0.000000000000E+00
  0.472429585320E+02  0.000000000000E+00
  0.487791816867E+02  0.000000000000E+00
& 0 = L
  0.687732028097E-04  0.158882405190E-03
  0.710095357969E-04  0.164048864604E-03
  0.733185887539E-04  0.169383324385E-03
  0.757027263526E-04  0.174891247487E-03
  0.781643901584E-04  0.180578274502E-03
  0.807061011301E-04  0.186450229442E-03
  0.833304622017E-04  0.192513125703E-03
  0.860401609484E-04  0.198773172219E-03
  0.888379723385E-04  0.205236779823E-03
  0.917267615753E-04  0.211910567814E-03
  0.947094870315E-04  0.218801370733E-03
  0.977892032785E-04  0.225916245363E-03
  0.100969064215E-03  0.233262477956E-03
  0.104252326296E-03  0.240847591695E-03
  0.107642351870E-03  0.248679354397E-03
  0.111142612618E-03  0.256765786471E-03
  0.114756693113E-03  0.265115169127E-03
  0.118488294490E-03  0.273736052861E-03
  0.122341238235E-03  0.282637266209E-03
  0.126319470098E-03  0.291827924789E-03
  0.130427064137E-03  0.301317440635E-03
  0.134668226887E-03  0.311115531839E-03
  0.139047301669E-03  0.321232232497E-03
  0.143568773039E-03  0.331677902994E-03
  0.148237271378E-03  0.342463240602E-03
  0.153057577636E-03  0.353599290448E-03
  0.158034628229E-03  0.365097456813E-03
  0.163173520091E-03  0.376969514820E-03
  0.168479515896E-03  0.389227622487E-03
  0.173958049448E-03  0.401884333183E-03
  0.179614731244E-03  0.414952608476E-03
  0.185455354220E-03  0.428445831416E-03
  0.191485899685E-03  0.442377820233E-03
  0.197712543444E-03  0.456762842492E-03
  0.204141662124E-03  0.471615629703E-03
  0.210779839705E-03  0.486951392405E-03
  0.217633874261E-03  0.502785835747E-03
  0.224710784922E-03  0.519135175570E-03
  0.232017819063E-03  0.536016155010E-03
  0.239562459725E-03  0.553446061649E-03
  0.247352433280E-03  0.571442745216E-03
  0.255395717341E-03  0.590024635868E-03
  0.263700548935E-03  0.609210763061E-03
  0.272275432934E-03  0.629020775041E-03
  0.281129150769E-03  0.649474958966E-03
  0.290270769420E-03  0.670594261677E-03
  0.299709650705E-03  0.692400311152E-03
  0.309455460862E-03  0.714915438657E-03
  0.319518180452E-03  0.738162701607E-03
  0.329908114580E-03  0.762165907190E-03
  0.340635903446E-03  0.786949636736E-03
  0.351712533243E-03  0.812539270898E-03
  0.363149347409E-03  0.838961015638E-03
  0.374958058240E-03  0.866241929067E-03
  0.387150758888E-03  0.894409949154E-03
  0.399739935744E-03  0.923493922335E-03
  0.412738481225E-03  0.953523633055E-03
  0.426159706978E-03  0.984529834267E-03
  0.440017357510E-03  0.101654427893E-02
  0.454325624267E-03  0.104959975251E-02
  0.469099160165E-03  0.108373010658E-02
  0.484353094594E-03  0.111897029346E-02
  0.500103048917E-03  0.115535640204E-02
  0.516365152463E-03  0.119292569470E-02
  0.533156059048E-03  0.123171664550E-02
  0.550492964027E-03  0.127176897955E-02
  0.568393621905E-03  0.131312371372E-02
  0.586876364520E-03  0.135582319862E-02
  0.605960119817E-03  0.139991116200E-02
  0.625664431228E-03  0.144543275347E-02
  0.646009477690E-03  0.149243459079E-02
  0.667016094308E-03  0.154096480760E-02
  0.688705793693E-03  0.159107310267E-02
  0.711100787993E-03  0.164281079084E-02
  0.734224011639E-03  0.169623085554E-02
  0.758099144833E-03  0.175138800306E-02
  0.782750637796E-03  0.180833871854E-02
  0.808203735814E-03  0.186714132386E-02
  0.834484505081E-03  0.192785603730E-02
  0.861619859402E-03  0.199054503527E-02
  0.889637587751E-03  0.205527251591E-02
  0.918566382730E-03  0.212210476488E-02
  0.948435869953E-03  0.219111022320E-02
  0.979276638386E-03  0.226235955734E-02
  0.101112027167E-02  0.233592573158E-02
  0.104399938047E-02  0.241188408273E-02
  0.107794763586E-02  0.249031239725E-02
  0.111299980383E-02  0.257129099091E-02
  0.114919178085E-02  0.265490279100E-02
  0.118656063069E-02  0.274123342128E-02
  0.122514462229E-02  0.283037128962E-02
  0.126498326904E-02  0.292240767852E-02
  0.130611736920E-02  0.301743683856E-02
  0.134858904769E-02  0.311555608490E-02
  0.139244179920E-02  0.321686589695E-02
  0.143772053279E-02  0.332147002118E-02
  0.148447161784E-02  0.342947557736E-02
  0.153274293155E-02  0.354099316822E-02
  0.158258390796E-02  0.365613699269E-02
  0.163404558858E-02  0.377502496278E-02
  0.168718067468E-02  0.389777882431E-02
  0.174204358122E-02  0.402452428150E-02
  0.179869049261E-02  0.415539112568E-02
  0.185717942025E-02  0.429051336813E-02
  0.191757026190E-02  0.443002937722E-02
  0.197992486306E-02  0.457408202006E-02
  0.204430708030E-02  0.472281880875E-02
  0.211078284663E-02  0.487639205125E-02
  0.217942023905E-02  0.503495900738E-02
  0.225028954823E-02  0.519868204965E-02
  0.232346335055E-02  0.536772882946E-02
  0.239901658238E-02  0.554227244864E-02
  0.247702661683E-02  0.572249163657E-02
  0.255757334298E-02  0.590857093304E-02
  0.264073924773E-02  0.610070087704E-02
  0.272660950022E-02  0.629907820170E-02
  0.281527203911E-02  0.650390603552E-02
  0.290681766258E-02  0.671539411013E-02
  0.300134012134E-02  0.693375897482E-02
  0.309893621466E-02  0.715922421798E-02
  0.319970588946E-02  0.739202069578E-02
  0.330375234270E-02  0.763238676816E-02
  0.341118212703E-02  0.788056854255E-02
  0.352210525994E-02  0.813682012549E-02
  0.363663533642E-02  0.840140388231E-02
  0.375488964526E-02  0.867459070533E-02
  0.387698928922E-02  0.895666029063E-02
  0.400305930900E-02  0.924790142387E-02
  0.413322881132E-02  0.954861227528E-02
  0.426763110112E-02  0.985910070425E-02
  0.440640381809E-02  0.101796845737E-01
  0.454968907762E-02  0.105106920746E-01
  0.469763361634E-02  0.108524620611E-01
  0.485038894238E-02  0.112053443964E-01
  0.500811149055E-02  0.115697003096E-01
  0.517096278251E-02  0.119459027643E-01
  0.533910959222E-02  0.123343368391E-01
  0.551272411671E-02  0.127354001200E-01
  0.569198415242E-02  0.131495031059E-01
  0.587707327729E-02  0.135770696269E-01
  0.606818103877E-02  0.140185372758E-01
  0.626550314789E-02  0.144743578541E-01
  0.646924167974E-02  0.149449978317E-01
  0.667960528038E-02  0.154309388214E-01
  0.689680938052E-02  0.159326780692E-01
  0.712107641614E-02  0.164507289594E-01
  0.735263605628E-02  0.169856215366E-01
  0.759172543825E-02  0.175379030438E-01
  0.783858941046E-02  0.181081384780E-01
  0.809348078320E-02  0.186969111636E-01
  0.835666058750E-02  0.193048233433E-01
  0.862839834249E-02  0.199324967888E-01
  0.890897233137E-02  0.205805734303E-01
  0.919866988642E-02  0.212497160053E-01
  0.949778768325E-02  0.219406087295E-01
  0.980663204462E-02  0.226539579870E-01
  0.101255192542E-01  0.233904930436E-01
  0.104547758802E-01  0.241509667820E-01
  0.107947391104E-01  0.249361564596E-01
  0.111457570967E-01  0.257468644905E-01
  0.115081893122E-01  0.265839192518E-01
  0.118824069192E-01  0.274481759147E-01
  0.122687931492E-01  0.283405173014E-01
  0.126677436955E-01  0.292618547684E-01
  0.130796671184E-01  0.302131291171E-01
  0.135049852633E-01  0.311953115319E-01
  0.139441336932E-01  0.322094045471E-01
  0.143975621346E-01  0.332564430435E-01
  0.148657349377E-01  0.343374952742E-01
  0.153491315524E-01  0.354536639218E-01
  0.158482470190E-01  0.366060871871E-01
  0.163635924756E-01  0.377959399100E-01
  0.168956956807E-01  0.390244347233E-01
  0.174451015546E-01  0.402928232406E-01
  0.180123727370E-01  0.416023972779E-01
  0.185980901630E-01  0.429544901117E-01
  0.192028536585E-01  0.443504777714E-01
  0.198272825543E-01  0.457917803694E-01
  0.204720163199E-01  0.472798634677E-01
  0.211377152192E-01  0.488162394828E-01
  0.218250609860E-01  0.504024691280E-01
  0.225347575224E-01  0.520401628956E-01
  0.232675316197E-01  0.537309825775E-01
  0.240241337025E-01  0.554766428257E-01
  0.248053385977E-01  0.572789127529E-01
  0.256119463271E-01  0.591396175732E-01
  0.264447829277E-01  0.610606402825E-01
  0.273047012968E-01  0.630439233800E-01
  0.281925820661E-01  0.650914706295E-01
  0.291093345030E-01  0.672053488600E-01
  0.300558974421E-01  0.693876898065E-01
  0.310332402466E-01  0.716406919888E-01
  0.320423638010E-01  0.739666226291E-01
  0.330843015359E-01  0.763678196051E-01
  0.341601204866E-01  0.788466934400E-01
  0.352709223857E-01  0.814057293250E-01
  0.364178447915E-01  0.840474891742E-01
  0.376020622527E-01  0.867746137093E-01
  0.388247875115E-01  0.895898245699E-01
  0.400872727454E-01  0.924959264482E-01
  0.413908108496E-01  0.954958092431E-01
  0.427367367610E-01  0.985924502292E-01
  0.441264288253E-01  0.101788916237E+00
  0.455613102087E-01  0.105088365837E+00
  0.470428503551E-01  0.108494051523E+00
  0.485725664911E-01  0.112009321886E+00
  0.501520251797E-01  0.115637623773E+00
  0.517828439245E-01  0.119382504415E+00
  0.534666928266E-01  0.123247613520E+00
  0.552052962942E-01  0.127236705324E+00
  0.570004348093E-01  0.131353640570E+00
  0.588539467506E-01  0.135602388418E+00
  0.607677302763E-01  0.139987028261E+00
  0.627437452680E-01  0.144511751430E+00
  0.647840153376E-01  0.149180862769E+00
  0.668906299000E-01  0.153998782054E+00
  0.690657463126E-01  0.158970045240E+00
  0.713115920848E-01  0.164099305498E+00
  0.736304671587E-01  0.169391334013E+00
  0.760247462651E-01  0.174851020519E+00
  0.784968813551E-01  0.180483373522E+00
  0.810494041110E-01  0.186293520173E+00
  0.836849285392E-01  0.192286705751E+00
  0.864061536469E-01  0.198468292697E+00
  0.892158662065E-01  0.204843759152E+00
  0.921169436092E-01  0.211418696929E+00
  0.951123568117E-01  0.218198808865E+00
  0.982051733789E-01  0.225189905469E+00
  0.101398560625E+00  0.232397900782E+00
  0.104695788858E+00  0.239828807383E+00
  0.108100234728E+00  0.247488730418E+00
  0.111615384684E+00  0.255383860557E+00
  0.115244838548E+00  0.263520465779E+00
  0.118992313197E+00  0.271904881828E+00
  0.122861646372E+00  0.280543501234E+00
  0.126856800610E+00  0.289442760733E+00
  0.130981867297E+00  0.298609126928E+00
  0.135241070862E+00  0.308049080017E+00
  0.139638773101E+00  0.317769095396E+00
  0.144179477646E+00  0.327775622935E+00
  0.148867834575E+00  0.338075063702E+00
  0.153708645176E+00  0.348673743894E+00
  0.158706866861E+00  0.359577885719E+00
  0.163867618246E+00  0.370793574962E+00
  0.169196184391E+00  0.382326724918E+00
  0.174698022215E+00  0.394183036404E+00
  0.180378766079E+00  0.406367953485E+00
  0.186244233562E+00  0.418886614585E+00
  0.192300431415E+00  0.431743798588E+00
  0.198553561714E+00  0.444943865539E+00
  0.205010028210E+00  0.458490691534E+00
  0.211676442890E+00  0.472387597363E+00
  0.218559632744E+00  0.486637270461E+00
  0.225666646762E+00  0.501241679714E+00
  0.233004763145E+00  0.516201982640E+00
  0.240581496767E+00  0.531518424502E+00
  0.248404606864E+00  0.547190228861E+00
  0.256482104986E+00  0.563215479143E+00
  0.264822263195E+00  0.579590990762E+00
  0.273433622544E+00  0.596312173431E+00
  0.282325001815E+00  0.613372883290E+00
  0.291505506559E+00  0.630765264575E+00
  0.300984538415E+00  0.648479580629E+00
  0.310771804740E+00  0.666504034159E+00
  0.320877328549E+00  0.684824576784E+00
  0.331311458783E+00  0.703424708083E+00
  0.342084880902E+00  0.722285264557E+00
  0.353208627831E+00  0.741384199149E+00
  0.364694091260E+00  0.760696352277E+00
  0.376553033308E+00  0.780193215647E+00
  0.388797598566E+00  0.799842690542E+00
  0.401440326540E+00  0.819608842693E+00
  0.414494164488E+00  0.839451656410E+00
  0.427972480680E+00  0.859326791206E+00
  0.441889078091E+00  0.879185344825E+00
  0.456258208533E+00  0.898973627325E+00
  0.471094587249E+00  0.918632951649E+00
  0.486413407989E+00  0.938099447017E+00
  0.502230358564E+00  0.957303902371E+00
  0.518561636913E+00  0.976171648059E+00
  0.535423967692E+00  0.994622484941E+00
  0.552834619402E+00  0.101257067100E+01
  0.570811422071E+00  0.102992497645E+01
  0.589372785517E+00  0.104658881907E+01
  0.608537718197E+00  0.106246049196E+01
  0.628325846676E+00  0.107743349624E+01
  0.648757435729E+00  0.109139699098E+01
  0.669853409087E+00  0.110423637166E+01
  0.691635370871E+00  0.111583398729E+01
  0.714125627712E+00  0.112607000348E+01
  0.737347211600E+00  0.113482341536E+01
  0.761323903465E+00  0.114197320881E+01
  0.786080257535E+00  0.114739966212E+01
  0.811641626479E+00  0.115098577091E+01
  0.838034187374E+00  0.115261876863E+01
  0.865284968508E+00  0.115219170108E+01
  0.893421877062E+00  0.114960499759E+01
  0.922473727689E+00  0.114476796283E+01
  0.952470272023E+00  0.113760009204E+01
  0.983442229146E+00  0.112803208957E+01
  0.101542131705E+01  0.111600644647E+01
  0.104844028511E+01  0.110147740904E+01
  0.108253294765E+01  0.108441014867E+01
  0.111773421852E+01  0.106477892689E+01
  0.115408014690E+01  0.104256404168E+01
  0.119160795419E+01  0.101774734762E+01
  0.123035607217E+01  0.990306167577E+00
  0.127036418227E+01  0.960205466888E+00
  0.131167325631E+01  0.927388248494E+00
  0.135432559838E+01  0.891776612023E+00
  0.139836488821E+01  0.853539892801E+00
  0.144383622588E+01  0.813121648558E+00
  0.149078617801E+01  0.770977840566E+00
  0.153926282547E+01  0.727559895858E+00
  0.158931581256E+01  0.683309825246E+00
  0.164099639793E+01  0.638655616453E+00
  0.169435750700E+01  0.594006691738E+00
  0.174945378622E+01  0.549749549490E+00
  0.180634165900E+01  0.506243613544E+00
  0.186507938348E+01  0.463817364786E+00
  0.192572711222E+01  0.422764869511E+00
  0.198834695381E+01  0.383342849063E+00
  0.205300303643E+01  0.345768443650E+00
  0.211976157356E+01  0.310217803646E+00
  0.218869093177E+01  0.276825594563E+00
  0.225986170076E+01  0.245685449403E+00
  0.233334676560E+01  0.216851325513E+00
  0.240922138143E+01  0.190339685507E+00
  0.248756325048E+01  0.166132398949E+00
  0.256845260168E+01  0.144180217263E+00
  0.265197227278E+01  0.124406698012E+00
  0.273820779523E+01  0.106712453223E+00
  0.282724748173E+01  0.909796230064E-01
  0.291918251672E+01  0.770765277709E-01
  0.301410704970E+01  0.648625452854E-01
  0.311211829167E+01  0.541933693112E-01
  0.321331661473E+01  0.449267674796E-01
  0.331780565480E+01  0.369283555378E-01
  0.342569241778E+01  0.300755646617E-01
  0.353708738915E+01  0.242573969440E-01
  0.365210464709E+01  0.193700791923E-01
  0.377086197933E+01  0.153122876169E-01
  0.389348100375E+01  0.119833298141E-01
  0.402008729294E+01  0.928444546070E-02
  0.415081050282E+01  0.712148185756E-02
  0.428578450536E+01  0.540740976292E-02
  0.442514752575E+01  0.406400181610E-02
  0.456904228390E+01  0.302260070083E-02
  0.471761614060E+01  0.222415875630E-02
  0.487102124848E+01  0.161878004239E-02
  0.502941470777E+01  0.116496312689E-02
  0.519295872721E+01  0.828691313834E-03
  0.536182079017E+01  0.582470875754E-03
  0.553617382616E+01  0.404382936658E-03
  0.571619638792E+01  0.277190019120E-03
  0.590207283429E+01  0.187521310814E-03
  0.609399351899E+01  0.125149034810E-03
  0.629215498558E+01  0.823602065231E-04
  0.649676016870E+01  0.534224199486E-04
  0.670801860195E+01  0.341384426593E-04
  0.692614663243E+01  0.214818853655E-04
  0.715136764229E+01  0.133047304082E-04
  0.738391227754E+01  0.810690338121E-05
  0.762401868420E+01  0.485654969736E-05
  0.787193275221E+01  0.285868011684E-05
  0.812790836724E+01  0.165243260671E-05
  0.839220767069E+01  0.937452987806E-06
  0.866510132814E+01  0.521652295490E-06
  0.894686880655E+01  0.284543062143E-06
  0.923779866043E+01  0.152044352690E-06
  0.953818882738E+01  0.795350776171E-07
  0.984834693318E+01  0.407018585406E-07
  0.101685906068E+02  0.203623500287E-07
  0.104992478058E+02  0.995131396914E-08
  0.108406571521E+02  0.474724902818E-08
  0.111931682785E+02  0.220887921472E-08
  0.115571421874E+02  0.100165557032E-08
  0.119329516198E+02  0.442301005970E-09
  0.123209814374E+02  0.190018209282E-09
  0.127216290166E+02  0.793528891636E-10
  0.131353046557E+02  0.321825397126E-10
  0.135624319945E+02  0.126635282069E-10
  0.140034484488E+02  0.482991313441E-11
  0.144588056580E+02  0.178374839973E-11
  0.149289699477E+02  0.637210228054E-12
  0.154144228072E+02  0.219946561788E-12
  0.159156613826E+02  0.732743754830E-13
  0.164331989861E+02  0.235335309148E-13
  0.169675656213E+02  0.727788841686E-14
  0.175193085264E+02  0.216457998389E-14
  0.180889927343E+02  0.618359756686E-15
  0.186772016515E+02  0.169449294149E-15
  0.192845376553E+02  0.444818262436E-16
  0.199116227108E+02  0.111702843075E-16
  0.205590990080E+02  0.267953642561E-17
  0.212276296190E+02  0.613089628297E-18
  0.219178991778E+02  0.133595427818E-18
  0.226306145806E+02  0.276806202299E-19
  0.233665057102E+02  0.544462695105E-20
  0.241263261836E+02  0.101493362615E-20
  0.249108541233E+02  0.178990706816E-21
  0.257208929544E+02  0.298104955922E-22
  0.265572722275E+02  0.468006779902E-23
  0.274208484681E+02  0.691278288833E-24
  0.283125060536E+02  0.958781461058E-25
  0.292331581194E+02  0.124616453032E-25
  0.301837474936E+02  0.151530174454E-26
  0.311652476629E+02  0.178582346797E-27
  0.321786637691E+02  0.000000000000E+00
  0.332250336389E+02  0.000000000000E+00
  0.343054288465E+02  0.000000000000E+00
  0.354209558111E+02  0.000000000000E+00
  0.365727569295E+02  0.000000000000E+00
  0.377620117470E+02  0.000000000000E+00
  0.389899381643E+02  0.000000000000E+00
  0.402577936855E+02  0.000000000000E+00
  0.415668767052E+02  0.000000000000E+00
  0.429185278390E+02  0.000000000000E+00
  0.443141312957E+02  0.000000000000E+00
  0.457551162952E+02  0.000000000000E+00
  0.472429585320E+02  0.000000000000E+00
  0.487791816867E+02  0.000000000000E+00
& 1 = L
  0.687732028097E-04  0.714944663733E-08
  0.710095357969E-04  0.762197071367E-08
  0.733185887539E-04  0.812572503946E-08
  0.757027263526E-04  0.866277369675E-08
  0.781643901584E-04  0.923531718775E-08
  0.807061011301E-04  0.984570145111E-08
  0.833304622017E-04  0.104964274742E-07
  0.860401609484E-04  0.111901615407E-07
  0.888379723385E-04  0.119297461552E-07
  0.917267615753E-04  0.127182116903E-07
  0.947094870315E-04  0.135587888034E-07
  0.977892032785E-04  0.144549216735E-07
  0.100969064215E-03  0.154102821137E-07
  0.104252326296E-03  0.164287846161E-07
  0.107642351870E-03  0.175146023910E-07
  0.111142612618E-03  0.186721844660E-07
  0.114756693113E-03  0.199062739156E-07
  0.118488294490E-03  0.212219272956E-07
  0.122341238235E-03  0.226245353616E-07
  0.126319470098E-03  0.241198451572E-07
  0.130427064137E-03  0.257139835616E-07
  0.134668226887E-03  0.274134823945E-07
  0.139047301669E-03  0.292253051788E-07
  0.143568773039E-03  0.311568756736E-07
  0.148237271378E-03  0.332161082918E-07
  0.153057577636E-03  0.354114405289E-07
  0.158034628229E-03  0.377518675345E-07
  0.163173520091E-03  0.402469789692E-07
  0.168479515896E-03  0.429069982971E-07
  0.173958049448E-03  0.457428246757E-07
  0.179614731244E-03  0.487660776136E-07
  0.185455354220E-03  0.519891445806E-07
  0.191485899685E-03  0.554252317637E-07
  0.197712543444E-03  0.590884181785E-07
  0.204141662124E-03  0.629937133564E-07
  0.210779839705E-03  0.671571188443E-07
  0.217633874261E-03  0.715956937695E-07
  0.224710784922E-03  0.763276247377E-07
  0.232017819063E-03  0.813723003505E-07
  0.239562459725E-03  0.867503906486E-07
  0.247352433280E-03  0.924839318045E-07
  0.255395717341E-03  0.985964164139E-07
  0.263700548935E-03  0.105112889754E-06
  0.272275432934E-03  0.112060052403E-06
  0.281129150769E-03  0.119466369646E-06
  0.290270769420E-03  0.127362188102E-06
  0.299709650705E-03  0.135779860075E-06
  0.309455460862E-03  0.144753876104E-06
  0.319518180452E-03  0.154321006295E-06
  0.329908114580E-03  0.164520450971E-06
  0.340635903446E-03  0.175394001302E-06
  0.351712533243E-03  0.186986210532E-06
  0.363149347409E-03  0.199344576534E-06
  0.374958058240E-03  0.212519736428E-06
  0.387150758888E-03  0.226565674060E-06
  0.399739935744E-03  0.241539941192E-06
  0.412738481225E-03  0.257503893321E-06
  0.426159706978E-03  0.274522941070E-06
  0.440017357510E-03  0.292666818201E-06
  0.454325624267E-03  0.312009867346E-06
  0.469099160165E-03  0.332631344610E-06
  0.484353094594E-03  0.354615744322E-06
  0.500103048917E-03  0.378053145233E-06
  0.516365152463E-03  0.403039579607E-06
  0.533156059048E-03  0.429677426704E-06
  0.550492964027E-03  0.458075832259E-06
  0.568393621905E-03  0.488351155703E-06
  0.586876364520E-03  0.520627446924E-06
  0.605960119817E-03  0.555036954548E-06
  0.625664431228E-03  0.591720667815E-06
  0.646009477690E-03  0.630828894259E-06
  0.667016094308E-03  0.672521875576E-06
  0.688705793693E-03  0.716970444195E-06
  0.711100787993E-03  0.764356723239E-06
  0.734224011639E-03  0.814874872749E-06
  0.758099144833E-03  0.868731885233E-06
  0.782750637796E-03  0.926148433782E-06
  0.808203735814E-03  0.987359776255E-06
  0.834484505081E-03  0.105261671921E-05
  0.861619859402E-03  0.112218664553E-05
  0.889637587751E-03  0.119635461003E-05
  0.918566382730E-03  0.127542450738E-05
  0.948435869953E-03  0.135972031728E-05
  0.979276638386E-03  0.144958743191E-05
  0.101112027167E-02  0.154539407115E-05
  0.104399938047E-02  0.164753279126E-05
  0.107794763586E-02  0.175642209330E-05
  0.111299980383E-02  0.187250813793E-05
  0.114919178085E-02  0.199626657341E-05
  0.118656063069E-02  0.212820448450E-05
  0.122514462229E-02  0.226886247015E-05
  0.126498326904E-02  0.241881685846E-05
  0.130611736920E-02  0.257868206814E-05
  0.134858904769E-02  0.274911312588E-05
  0.139244179920E-02  0.293080835022E-05
  0.143772053279E-02  0.312451221273E-05
  0.148447161784E-02  0.333101838834E-05
  0.153274293155E-02  0.355117300719E-05
  0.158258390796E-02  0.378587812145E-05
  0.163404558858E-02  0.403609540123E-05
  0.168718067468E-02  0.430285007480E-05
  0.174204358122E-02  0.458723512909E-05
  0.179869049261E-02  0.489041578794E-05
  0.185717942025E-02  0.521363428623E-05
  0.191757026190E-02  0.555821495950E-05
  0.197992486306E-02  0.592556967000E-05
  0.204430708030E-02  0.631720359127E-05
  0.211078284663E-02  0.673472137502E-05
  0.217942023905E-02  0.717983372560E-05
  0.225028954823E-02  0.765436440884E-05
  0.232346335055E-02  0.816025772419E-05
  0.239901658238E-02  0.869958647062E-05
  0.247702661683E-02  0.927456043887E-05
  0.255757334298E-02  0.988753546498E-05
  0.264073924773E-02  0.105410230821E-04
  0.272660950022E-02  0.112377008101E-04
  0.281527203911E-02  0.119804231252E-04
  0.290681766258E-02  0.127722331540E-04
  0.300134012134E-02  0.136163751416E-04
  0.309893621466E-02  0.145163077416E-04
  0.319970588946E-02  0.154757181863E-04
  0.330375234270E-02  0.164985373915E-04
  0.341118212703E-02  0.175889560610E-04
  0.352210525994E-02  0.187514418540E-04
  0.363663533642E-02  0.199907576871E-04
  0.375488964526E-02  0.213119812461E-04
  0.387698928922E-02  0.227205257864E-04
  0.400305930900E-02  0.242221623082E-04
  0.413322881132E-02  0.258230431962E-04
  0.426763110112E-02  0.275297274218E-04
  0.440640381809E-02  0.293492074100E-04
  0.454968907762E-02  0.312889376810E-04
  0.469763361634E-02  0.333568653846E-04
  0.485038894238E-02  0.355614628513E-04
  0.500811149055E-02  0.379117622938E-04
  0.517096278251E-02  0.404173928006E-04
  0.533910959222E-02  0.430886197737E-04
  0.551272411671E-02  0.459363869708E-04
  0.569198415242E-02  0.489723613244E-04
  0.587707327729E-02  0.522089807215E-04
  0.606818103877E-02  0.556595049384E-04
  0.626550314789E-02  0.593380699392E-04
  0.646924167974E-02  0.632597457605E-04
  0.667960528038E-02  0.674405982183E-04
  0.689680938052E-02  0.718977546888E-04
  0.712107641614E-02  0.766494742334E-04
  0.735263605628E-02  0.817152223527E-04
  0.759172543825E-02  0.871157506755E-04
  0.783858941046E-02  0.928731819090E-04
  0.809348078320E-02  0.990111003949E-04
  0.835666058750E-02  0.105554648644E-03
  0.862839834249E-02  0.112530630238E-03
  0.890897233137E-02  0.119967619530E-03
  0.919866988642E-02  0.127896078568E-03
  0.949778768325E-02  0.136348481750E-03
  0.980663204462E-02  0.145359448690E-03
  0.101255192542E-01  0.154965885851E-03
  0.104547758802E-01  0.165207137517E-03
  0.107947391104E-01  0.176125146725E-03
  0.111457570967E-01  0.187764626801E-03
  0.115081893122E-01  0.200173244206E-03
  0.118824069192E-01  0.213401813432E-03
  0.122687931492E-01  0.227504504743E-03
  0.126677436955E-01  0.242539065596E-03
  0.130796671184E-01  0.258567056655E-03
  0.135049852633E-01  0.275654103338E-03
  0.139441336932E-01  0.293870163931E-03
  0.143975621346E-01  0.313289815348E-03
  0.148657349377E-01  0.333992557690E-03
  0.153491315524E-01  0.356063138845E-03
  0.158482470190E-01  0.379591900428E-03
  0.163635924756E-01  0.404675146466E-03
  0.168956956807E-01  0.431415536308E-03
  0.174451015546E-01  0.459922503354E-03
  0.180123727370E-01  0.490312701266E-03
  0.185980901630E-01  0.522710479475E-03
  0.192028536585E-01  0.557248389885E-03
  0.198272825543E-01  0.594067726793E-03
  0.204720163199E-01  0.633319102208E-03
  0.211377152192E-01  0.675163058839E-03
  0.218250609860E-01  0.719770723224E-03
  0.225347575224E-01  0.767324501575E-03
  0.232675316197E-01  0.818018821122E-03
  0.240241337025E-01  0.872060919883E-03
  0.248053385977E-01  0.929671687986E-03
  0.256119463271E-01  0.991086563867E-03
  0.264447829277E-01  0.105655648887E-02
  0.273047012968E-01  0.112634892397E-02
  0.281925820661E-01  0.120074893267E-02
  0.291093345030E-01  0.128006033419E-02
  0.300558974421E-01  0.136460693151E-02
  0.310332402466E-01  0.145473381903E-02
  0.320423638010E-01  0.155080877482E-02
  0.330843015359E-01  0.165322374285E-02
  0.341601204866E-01  0.176239641094E-02
  0.352709223857E-01  0.187877189029E-02
  0.364178447915E-01  0.200282450312E-02
  0.376020622527E-01  0.213505968495E-02
  0.388247875115E-01  0.227601600888E-02
  0.400872727454E-01  0.242626733924E-02
  0.413908108496E-01  0.258642512258E-02
  0.427367367610E-01  0.275714082450E-02
  0.441264288253E-01  0.293910852106E-02
  0.455613102087E-01  0.313306765427E-02
  0.470428503551E-01  0.333980596137E-02
  0.485725664911E-01  0.356016258834E-02
  0.501520251797E-01  0.379503139857E-02
  0.517828439245E-01  0.404536448810E-02
  0.534666928266E-01  0.431217591942E-02
  0.552052962942E-01  0.459654568650E-02
  0.570004348093E-01  0.489962392418E-02
  0.588539467506E-01  0.522263537565E-02
  0.607677302763E-01  0.556688413238E-02
  0.627437452680E-01  0.593375866154E-02
  0.647840153376E-01  0.632473713619E-02
  0.668906299000E-01  0.674139308454E-02
  0.690657463126E-01  0.718540137474E-02
  0.713115920848E-01  0.765854455233E-02
  0.736304671587E-01  0.816271954787E-02
  0.760247462651E-01  0.869994477280E-02
  0.784968813551E-01  0.927236762163E-02
  0.810494041110E-01  0.988227239908E-02
  0.836849285392E-01  0.105320886908E-01
  0.864061536469E-01  0.112244001958E-01
  0.892158662065E-01  0.119619540403E-01
  0.921169436092E-01  0.127476705888E-01
  0.951123568117E-01  0.135846537722E-01
  0.982051733789E-01  0.144762019476E-01
  0.101398560625E+00  0.154258193068E-01
  0.104695788858E+00  0.164372278454E-01
  0.108100234728E+00  0.175143799057E-01
  0.111615384684E+00  0.186614713032E-01
  0.115244838548E+00  0.198829550402E-01
  0.118992313197E+00  0.211835556130E-01
  0.122861646372E+00  0.225682839075E-01
  0.126856800610E+00  0.240424526780E-01
  0.130981867297E+00  0.256116925944E-01
  0.135241070862E+00  0.272819688391E-01
  0.139638773101E+00  0.290595982212E-01
  0.144179477646E+00  0.309512667712E-01
  0.148867834575E+00  0.329640477643E-01
  0.153708645176E+00  0.351054201066E-01
  0.158706866861E+00  0.373832870071E-01
  0.163867618246E+00  0.398059948353E-01
  0.169196184391E+00  0.423823520488E-01
  0.174698022215E+00  0.451216480500E-01
  0.180378766079E+00  0.480336718058E-01
  0.186244233562E+00  0.511287300348E-01
  0.192300431415E+00  0.544176647352E-01
  0.198553561714E+00  0.579118697863E-01
  0.205010028210E+00  0.616233063203E-01
  0.211676442890E+00  0.655645165107E-01
  0.218559632744E+00  0.697486353766E-01
  0.225666646762E+00  0.741894001428E-01
  0.233004763145E+00  0.789011566387E-01
  0.240581496767E+00  0.838988621459E-01
  0.248404606864E+00  0.891980840365E-01
  0.256482104986E+00  0.948149934628E-01
  0.264822263195E+00  0.100766353272E+00
  0.273433622544E+00  0.107069499231E+00
  0.282325001815E+00  0.113742313559E+00
  0.291505506559E+00  0.120803189635E+00
  0.300984538415E+00  0.128270986690E+00
  0.310771804740E+00  0.136164973146E+00
  0.320877328549E+00  0.144504757180E+00
  0.331311458783E+00  0.153310202975E+00
  0.342084880902E+00  0.162601331038E+00
  0.353208627831E+00  0.172398200852E+00
  0.364694091260E+00  0.182720774076E+00
  0.376553033308E+00  0.193588756429E+00
  0.388797598566E+00  0.205021416384E+00
  0.401440326540E+00  0.217037378781E+00
  0.414494164488E+00  0.229654391519E+00
  0.427972480680E+00  0.242889063596E+00
  0.441889078091E+00  0.256756572897E+00
  0.456258208533E+00  0.271270342393E+00
  0.471094587249E+00  0.286441683709E+00
  0.486413407989E+00  0.302279407456E+00
  0.502230358564E+00  0.318789400227E+00
  0.518561636913E+00  0.335974168826E+00
  0.535423967692E+00  0.353832353065E+00
  0.552834619402E+00  0.372358209342E+00
  0.570811422071E+00  0.391541068260E+00
  0.589372785517E+00  0.411364770673E+00
  0.608537718197E+00  0.431807087714E+00
  0.628325846676E+00  0.452839131640E+00
  0.648757435729E+00  0.474424765487E+00
  0.669853409087E+00  0.496520020607E+00
  0.691635370871E+00  0.519072531964E+00
  0.714125627712E+00  0.542021001423E+00
  0.737347211600E+00  0.565294699017E+00
  0.761323903465E+00  0.588813011048E+00
  0.786080257535E+00  0.612485041527E+00
  0.811641626479E+00  0.636209269668E+00
  0.838034187374E+00  0.659873260441E+00
  0.865284968508E+00  0.683353417285E+00
  0.893421877062E+00  0.706514755677E+00
  0.922473727689E+00  0.729210663042E+00
  0.952470272023E+00  0.751282594523E+00
  0.983442229146E+00  0.772559635638E+00
  0.101542131705E+01  0.792857842385E+00
  0.104844028511E+01  0.811979248393E+00
  0.108253294765E+01  0.829710409088E+00
  0.111773421852E+01  0.845820337842E+00
  0.115408014690E+01  0.860057682955E+00
  0.119160795419E+01  0.872147002973E+00
  0.123035607217E+01  0.881784028697E+00
  0.127036418227E+01  0.888629862319E+00
  0.131167325631E+01  0.892304167782E+00
  0.135432559838E+01  0.892389750513E+00
  0.139836488821E+01  0.888705839915E+00
  0.144383622588E+01  0.881357188884E+00
  0.149078617801E+01  0.870487452550E+00
  0.153926282547E+01  0.856266781299E+00
  0.158931581256E+01  0.838890883569E+00
  0.164099639793E+01  0.818579898523E+00
  0.169435750700E+01  0.795576684928E+00
  0.174945378622E+01  0.770144733461E+00
  0.180634165900E+01  0.742565390822E+00
  0.186507938348E+01  0.713134426447E+00
  0.192572711222E+01  0.682157939829E+00
  0.198834695381E+01  0.649947701387E+00
  0.205300303643E+01  0.616816091898E+00
  0.211976157356E+01  0.583070850790E+00
  0.218869093177E+01  0.549009854451E+00
  0.225986170076E+01  0.514916305744E+00
  0.233334676560E+01  0.481053372367E+00
  0.240922138143E+01  0.447661207968E+00
  0.248756325048E+01  0.414952656365E+00
  0.256845260168E+01  0.383110571062E+00
  0.265197227278E+01  0.352285696630E+00
  0.273820779523E+01  0.322595446581E+00
  0.282724748173E+01  0.294123824191E+00
  0.291918251672E+01  0.266922956260E+00
  0.301410704970E+01  0.241017151156E+00
  0.311211829167E+01  0.216411052896E+00
  0.321331661473E+01  0.193103726663E+00
  0.331780565480E+01  0.171108268453E+00
  0.342569241778E+01  0.150469483720E+00
  0.353708738915E+01  0.131265440832E+00
  0.365210464709E+01  0.113586217654E+00
  0.377086197933E+01  0.975025570302E-01
  0.389348100375E+01  0.830435867310E-01
  0.402008729294E+01  0.701908862376E-01
  0.415081050282E+01  0.588844766802E-01
  0.428578450536E+01  0.490336946461E-01
  0.442514752575E+01  0.405282416738E-01
  0.456904228390E+01  0.332473763133E-01
  0.471761614060E+01  0.270668225731E-01
  0.487102124848E+01  0.218636590335E-01
  0.502941470777E+01  0.175196385462E-01
  0.519295872721E+01  0.139233590573E-01
  0.536182079017E+01  0.109716124550E-01
  0.553617382616E+01  0.857014473903E-02
  0.571619638792E+01  0.663398792431E-02
  0.590207283429E+01  0.508747386588E-02
  0.609399351899E+01  0.386400812029E-02
  0.629215498558E+01  0.290566244033E-02
  0.649676016870E+01  0.216263280906E-02
  0.670801860195E+01  0.159260264467E-02
  0.692614663243E+01  0.116004573514E-02
  0.715136764229E+01  0.835497376682E-03
  0.738391227754E+01  0.594819014482E-03
  0.762401868420E+01  0.418364640315E-03
  0.787193275221E+01  0.290578254998E-03
  0.812790836724E+01  0.199220887309E-03
  0.839220767069E+01  0.134768836448E-03
  0.866510132814E+01  0.899165545266E-04
  0.894686880655E+01  0.591413824140E-04
  0.923779866043E+01  0.383304742607E-04
  0.953818882738E+01  0.244675305326E-04
  0.984834693318E+01  0.153749785129E-04
  0.101685906068E+02  0.950594402373E-05
  0.104992478058E+02  0.577966681491E-05
  0.108406571521E+02  0.345382213406E-05
  0.111931682785E+02  0.202741046116E-05
  0.115571421874E+02  0.116835493575E-05
  0.119329516198E+02  0.660598901795E-06
  0.123209814374E+02  0.366235811659E-06
  0.127216290166E+02  0.198959573856E-06
  0.131353046557E+02  0.105842971279E-06
  0.135624319945E+02  0.551004392403E-07
  0.140034484488E+02  0.280502673205E-07
  0.144588056580E+02  0.139537499697E-07
  0.149289699477E+02  0.677781416874E-08
  0.154144228072E+02  0.321214655886E-08
  0.159156613826E+02  0.148408663342E-08
  0.164331989861E+02  0.667915135392E-09
  0.169675656213E+02  0.292556463629E-09
  0.175193085264E+02  0.124606498669E-09
  0.180889927343E+02  0.515606083222E-10
  0.186772016515E+02  0.207077368788E-10
  0.192845376553E+02  0.806421644249E-11
  0.199116227108E+02  0.304207999929E-11
  0.205590990080E+02  0.111047265282E-11
  0.212276296190E+02  0.391840370490E-12
  0.219178991778E+02  0.133504165310E-12
  0.226306145806E+02  0.438701901406E-13
  0.233665057102E+02  0.138874340489E-13
  0.241263261836E+02  0.422984555243E-14
  0.249108541233E+02  0.123803295034E-14
  0.257208929544E+02  0.347762473251E-15
  0.265572722275E+02  0.936258059655E-16
  0.274208484681E+02  0.241252392941E-16
  0.283125060536E+02  0.594145128765E-17
  0.292331581194E+02  0.139643314511E-17
  0.301837474936E+02  0.312748990340E-18
  0.311652476629E+02  0.666408201081E-19
  0.321786637691E+02  0.134881477276E-19
  0.332250336389E+02  0.258886019388E-20
  0.343054288465E+02  0.470395483611E-21
  0.354209558111E+02  0.807693381566E-22
  0.365727569295E+02  0.130817345038E-22
  0.377620117470E+02  0.199481017827E-23
  0.389899381643E+02  0.285832806700E-24
  0.402577936855E+02  0.384085234660E-25
  0.415668767052E+02  0.483022814915E-26
  0.429185278390E+02  0.569822531539E-27
  0.443141312957E+02  0.832439857590E-28
  0.457551162952E+02  0.000000000000E+00
  0.472429585320E+02  0.000000000000E+00
  0.487791816867E+02  0.000000000000E+00
&
