& Pb  2  422 a ! ZNUL LDIM  NMAX
& T T F F
& 0.0  0.0  0.0  0.0
& 0 = L
  0.687732028097E-04  0.160632191284E-03
  0.710095357969E-04  0.165855549379E-03
  0.733185887539E-04  0.171248758045E-03
  0.757027263526E-04  0.176817340398E-03
  0.781643901584E-04  0.182566999153E-03
  0.807061011301E-04  0.188503622462E-03
  0.833304622017E-04  0.194633289945E-03
  0.860401609484E-04  0.200962278917E-03
  0.888379723385E-04  0.207497070815E-03
  0.917267615753E-04  0.214244357836E-03
  0.947094870315E-04  0.221211049790E-03
  0.977892032785E-04  0.228404281178E-03
  0.100969064215E-03  0.235831418495E-03
  0.104252326296E-03  0.243500067780E-03
  0.107642351870E-03  0.251418082396E-03
  0.111142612618E-03  0.259593571081E-03
  0.114756693113E-03  0.268034906249E-03
  0.118488294490E-03  0.276750732562E-03
  0.122341238235E-03  0.285749975786E-03
  0.126319470098E-03  0.295041851930E-03
  0.130427064137E-03  0.304635876684E-03
  0.134668226887E-03  0.314541875166E-03
  0.139047301669E-03  0.324769991981E-03
  0.143568773039E-03  0.335330701611E-03
  0.148237271378E-03  0.346234819141E-03
  0.153057577636E-03  0.357493511336E-03
  0.158034628229E-03  0.369118308077E-03
  0.163173520091E-03  0.381121114166E-03
  0.168479515896E-03  0.393514221521E-03
  0.173958049448E-03  0.406310321759E-03
  0.179614731244E-03  0.419522519200E-03
  0.185455354220E-03  0.433164344281E-03
  0.191485899685E-03  0.447249767414E-03
  0.197712543444E-03  0.461793213295E-03
  0.204141662124E-03  0.476809575673E-03
  0.210779839705E-03  0.492314232606E-03
  0.217633874261E-03  0.508323062205E-03
  0.224710784922E-03  0.524852458897E-03
  0.232017819063E-03  0.541919350215E-03
  0.239562459725E-03  0.559541214131E-03
  0.247352433280E-03  0.577736096956E-03
  0.255395717341E-03  0.596522631821E-03
  0.263700548935E-03  0.615920057760E-03
  0.272275432934E-03  0.635948239406E-03
  0.281129150769E-03  0.656627687345E-03
  0.290270769420E-03  0.677979579108E-03
  0.299709650705E-03  0.700025780869E-03
  0.309455460862E-03  0.722788869831E-03
  0.319518180452E-03  0.746292157348E-03
  0.329908114580E-03  0.770559712800E-03
  0.340635903446E-03  0.795616388239E-03
  0.351712533243E-03  0.821487843841E-03
  0.363149347409E-03  0.848200574181E-03
  0.374958058240E-03  0.875781935370E-03
  0.387150758888E-03  0.904260173066E-03
  0.399739935744E-03  0.933664451399E-03
  0.412738481225E-03  0.964024882839E-03
  0.426159706978E-03  0.995372559033E-03
  0.440017357510E-03  0.102773958264E-02
  0.454325624267E-03  0.106115910022E-02
  0.469099160165E-03  0.109566533616E-02
  0.484353094594E-03  0.113129362773E-02
  0.500103048917E-03  0.116808046126E-02
  0.516365152463E-03  0.120606350954E-02
  0.533156059048E-03  0.124528167035E-02
  0.550492964027E-03  0.128577510633E-02
  0.568393621905E-03  0.132758528607E-02
  0.586876364520E-03  0.137075502664E-02
  0.605960119817E-03  0.141532853735E-02
  0.625664431228E-03  0.146135146511E-02
  0.646009477690E-03  0.150887094109E-02
  0.667016094308E-03  0.155793562907E-02
  0.688705793693E-03  0.160859577518E-02
  0.711100787993E-03  0.166090325945E-02
  0.734224011639E-03  0.171491164884E-02
  0.758099144833E-03  0.177067625217E-02
  0.782750637796E-03  0.182825417673E-02
  0.808203735814E-03  0.188770438673E-02
  0.834484505081E-03  0.194908776371E-02
  0.861619859402E-03  0.201246716890E-02
  0.889637587751E-03  0.207790750752E-02
  0.918566382730E-03  0.214547579533E-02
  0.948435869953E-03  0.221524122717E-02
  0.979276638386E-03  0.228727524788E-02
  0.101112027167E-02  0.236165162540E-02
  0.104399938047E-02  0.243844652633E-02
  0.107794763586E-02  0.251773859395E-02
  0.111299980383E-02  0.259960902867E-02
  0.114919178085E-02  0.268414167124E-02
  0.118656063069E-02  0.277142308856E-02
  0.122514462229E-02  0.286154266233E-02
  0.126498326904E-02  0.295459268055E-02
  0.130611736920E-02  0.305066843203E-02
  0.134858904769E-02  0.314986830391E-02
  0.139244179920E-02  0.325229388247E-02
  0.143772053279E-02  0.335805005702E-02
  0.148447161784E-02  0.346724512742E-02
  0.153274293155E-02  0.357999091481E-02
  0.158258390796E-02  0.369640287622E-02
  0.163404558858E-02  0.381660022268E-02
  0.168718067468E-02  0.394070604127E-02
  0.174204358122E-02  0.406884742116E-02
  0.179869049261E-02  0.420115558366E-02
  0.185717942025E-02  0.433776601657E-02
  0.191757026190E-02  0.447881861284E-02
  0.197992486306E-02  0.462445781379E-02
  0.204430708030E-02  0.477483275690E-02
  0.211078284663E-02  0.493009742852E-02
  0.217942023905E-02  0.509041082139E-02
  0.225028954823E-02  0.525593709740E-02
  0.232346335055E-02  0.542684575558E-02
  0.239901658238E-02  0.560331180554E-02
  0.247702661683E-02  0.578551594657E-02
  0.255757334298E-02  0.597364475248E-02
  0.264073924773E-02  0.616789086256E-02
  0.272660950022E-02  0.636845317862E-02
  0.281527203911E-02  0.657553706847E-02
  0.290681766258E-02  0.678935457604E-02
  0.300134012134E-02  0.701012463821E-02
  0.309893621466E-02  0.723807330879E-02
  0.319970588946E-02  0.747343398967E-02
  0.330375234270E-02  0.771644766953E-02
  0.341118212703E-02  0.796736317020E-02
  0.352210525994E-02  0.822643740114E-02
  0.363663533642E-02  0.849393562199E-02
  0.375488964526E-02  0.877013171377E-02
  0.387698928922E-02  0.905530845876E-02
  0.400305930900E-02  0.934975782952E-02
  0.413322881132E-02  0.965378128719E-02
  0.426763110112E-02  0.996769008948E-02
  0.440640381809E-02  0.102918056086E-01
  0.454968907762E-02  0.106264596594E-01
  0.469763361634E-02  0.109719948385E-01
  0.485038894238E-02  0.113287648734E-01
  0.500811149055E-02  0.116971349844E-01
  0.517096278251E-02  0.120774822563E-01
  0.533910959222E-02  0.124701960242E-01
  0.551272411671E-02  0.128756782695E-01
  0.569198415242E-02  0.132943440306E-01
  0.587707327729E-02  0.137266218259E-01
  0.606818103877E-02  0.141729540899E-01
  0.626550314789E-02  0.146337976246E-01
  0.646924167974E-02  0.151096240646E-01
  0.667960528038E-02  0.156009203569E-01
  0.689680938052E-02  0.161081892567E-01
  0.712107641614E-02  0.166319498387E-01
  0.735263605628E-02  0.171727380251E-01
  0.759172543825E-02  0.177311071299E-01
  0.783858941046E-02  0.183076284211E-01
  0.809348078320E-02  0.189028917007E-01
  0.835666058750E-02  0.195175059030E-01
  0.862839834249E-02  0.201520997122E-01
  0.890897233137E-02  0.208073221992E-01
  0.919866988642E-02  0.214838434792E-01
  0.949778768325E-02  0.221823553894E-01
  0.980663204462E-02  0.229035721887E-01
  0.101255192542E-01  0.236482312792E-01
  0.104547758802E-01  0.244170939503E-01
  0.107947391104E-01  0.252109461464E-01
  0.111457570967E-01  0.260305992584E-01
  0.115081893122E-01  0.268768909400E-01
  0.118824069192E-01  0.277506859500E-01
  0.122687931492E-01  0.286528770193E-01
  0.126677436955E-01  0.295843857463E-01
  0.130796671184E-01  0.305461635193E-01
  0.135049852633E-01  0.315391924668E-01
  0.139441336932E-01  0.325644864377E-01
  0.143975621346E-01  0.336230920108E-01
  0.148657349377E-01  0.347160895352E-01
  0.153491315524E-01  0.358445942022E-01
  0.158482470190E-01  0.370097571490E-01
  0.163635924756E-01  0.382127665957E-01
  0.168956956807E-01  0.394548490161E-01
  0.174451015546E-01  0.407372703428E-01
  0.180123727370E-01  0.420613372079E-01
  0.185980901630E-01  0.434283982193E-01
  0.192028536585E-01  0.448398452740E-01
  0.198272825543E-01  0.462971149094E-01
  0.204720163199E-01  0.478016896920E-01
  0.211377152192E-01  0.493550996454E-01
  0.218250609860E-01  0.509589237178E-01
  0.225347575224E-01  0.526147912897E-01
  0.232675316197E-01  0.543243837219E-01
  0.240241337025E-01  0.560894359451E-01
  0.248053385977E-01  0.579117380904E-01
  0.256119463271E-01  0.597931371623E-01
  0.264447829277E-01  0.617355387535E-01
  0.273047012968E-01  0.637409088019E-01
  0.281925820661E-01  0.658112753897E-01
  0.291093345030E-01  0.679487305854E-01
  0.300558974421E-01  0.701554323264E-01
  0.310332402466E-01  0.724336063445E-01
  0.320423638010E-01  0.747855481307E-01
  0.330843015359E-01  0.772136249411E-01
  0.341601204866E-01  0.797202778407E-01
  0.352709223857E-01  0.823080237858E-01
  0.364178447915E-01  0.849794577404E-01
  0.376020622527E-01  0.877372548284E-01
  0.388247875115E-01  0.905841725151E-01
  0.400872727454E-01  0.935230528185E-01
  0.413908108496E-01  0.965568245456E-01
  0.427367367610E-01  0.996885055491E-01
  0.441264288253E-01  0.102921205002E+00
  0.455613102087E-01  0.106258125682E+00
  0.470428503551E-01  0.109702566267E+00
  0.485725664911E-01  0.113257923623E+00
  0.501520251797E-01  0.116927695086E+00
  0.517828439245E-01  0.120715480733E+00
  0.534666928266E-01  0.124624985618E+00
  0.552052962942E-01  0.128660021977E+00
  0.570004348093E-01  0.132824511383E+00
  0.588539467506E-01  0.137122486834E+00
  0.607677302763E-01  0.141558094772E+00
  0.627437452680E-01  0.146135596999E+00
  0.647840153376E-01  0.150859372483E+00
  0.668906299000E-01  0.155733919030E+00
  0.690657463126E-01  0.160763854798E+00
  0.713115920848E-01  0.165953919628E+00
  0.736304671587E-01  0.171308976158E+00
  0.760247462651E-01  0.176834010700E+00
  0.784968813551E-01  0.182534133833E+00
  0.810494041110E-01  0.188414580673E+00
  0.836849285392E-01  0.194480710795E+00
  0.864061536469E-01  0.200738007728E+00
  0.892158662065E-01  0.207192078003E+00
  0.921169436092E-01  0.213848649672E+00
  0.951123568117E-01  0.220713570245E+00
  0.982051733789E-01  0.227792803981E+00
  0.101398560625E+00  0.235092428435E+00
  0.104695788858E+00  0.242618630202E+00
  0.108100234728E+00  0.250377699745E+00
  0.111615384684E+00  0.258376025218E+00
  0.115244838548E+00  0.266620085166E+00
  0.118992313197E+00  0.275116439981E+00
  0.122861646372E+00  0.283871721984E+00
  0.126856800610E+00  0.292892623982E+00
  0.130981867297E+00  0.302185886148E+00
  0.135241070862E+00  0.311758281050E+00
  0.139638773101E+00  0.321616596631E+00
  0.144179477646E+00  0.331767616949E+00
  0.148867834575E+00  0.342218100454E+00
  0.153708645176E+00  0.352974755551E+00
  0.158706866861E+00  0.364044213201E+00
  0.163867618246E+00  0.375432996273E+00
  0.169196184391E+00  0.387147485347E+00
  0.174698022215E+00  0.399193880644E+00
  0.180378766079E+00  0.411578159735E+00
  0.186244233562E+00  0.424306030647E+00
  0.192300431415E+00  0.437382879985E+00
  0.198553561714E+00  0.450813715619E+00
  0.205010028210E+00  0.464603103525E+00
  0.211676442890E+00  0.478755098256E+00
  0.218559632744E+00  0.493273166592E+00
  0.225666646762E+00  0.508160103810E+00
  0.233004763145E+00  0.523417942046E+00
  0.240581496767E+00  0.539047850185E+00
  0.248404606864E+00  0.555050024697E+00
  0.256482104986E+00  0.571423570841E+00
  0.264822263195E+00  0.588166373638E+00
  0.273433622544E+00  0.605274958047E+00
  0.282325001815E+00  0.622744337762E+00
  0.291505506559E+00  0.640567852108E+00
  0.300984538415E+00  0.658736990540E+00
  0.310771804740E+00  0.677241204333E+00
  0.320877328549E+00  0.696067705110E+00
  0.331311458783E+00  0.715201250008E+00
  0.342084880902E+00  0.734623913389E+00
  0.353208627831E+00  0.754314845238E+00
  0.364694091260E+00  0.774250016555E+00
  0.376553033308E+00  0.794401952399E+00
  0.388797598566E+00  0.814739453512E+00
  0.401440326540E+00  0.835227307916E+00
  0.414494164488E+00  0.855825994308E+00
  0.427972480680E+00  0.876491379662E+00
  0.441889078091E+00  0.897174414114E+00
  0.456258208533E+00  0.917820826946E+00
  0.471094587249E+00  0.938370828372E+00
  0.486413407989E+00  0.958758822809E+00
  0.502230358564E+00  0.978913140475E+00
  0.518561636913E+00  0.998755795350E+00
  0.535423967692E+00  0.101820227899E+01
  0.552834619402E+00  0.103716140116E+01
  0.570811422071E+00  0.105553518990E+01
  0.589372785517E+00  0.107321886544E+01
  0.608537718197E+00  0.109010090404E+01
  0.628325846676E+00  0.110606320992E+01
  0.648757435729E+00  0.112098141501E+01
  0.669853409087E+00  0.113472532812E+01
  0.691635370871E+00  0.114715955649E+01
  0.714125627712E+00  0.115814432398E+01
  0.737347211600E+00  0.116753651037E+01
  0.761323903465E+00  0.117519093652E+01
  0.786080257535E+00  0.118096191839E+01
  0.811641626479E+00  0.118470511087E+01
  0.838034187374E+00  0.118627965748E+01
  0.865284968508E+00  0.118555065601E+01
  0.893421877062E+00  0.118239194067E+01
  0.922473727689E+00  0.117668916916E+01
  0.952470272023E+00  0.116834318665E+01
  0.983442229146E+00  0.115727361856E+01
  0.101542131705E+01  0.114342261835E+01
  0.104844028511E+01  0.112675866589E+01
  0.108253294765E+01  0.110728027581E+01
  0.111773421852E+01  0.108501943319E+01
  0.115408014690E+01  0.106004452726E+01
  0.119160795419E+01  0.103246250244E+01
  0.123035607217E+01  0.100241989331E+01
  0.127036418227E+01  0.970102357492E+00
  0.131167325631E+01  0.935732273370E+00
  0.135432559838E+01  0.899563933939E+00
  0.139836488821E+01  0.861875851023E+00
  0.144383622588E+01  0.822959697259E+00
  0.149078617801E+01  0.783105468076E+00
  0.153926282547E+01  0.742582558028E+00
  0.158931581256E+01  0.701616631959E+00
  0.164099639793E+01  0.660362586167E+00
  0.169435750700E+01  0.618936485378E+00
  0.174945378622E+01  0.577617179459E+00
  0.180634165900E+01  0.536713996408E+00
  0.186507938348E+01  0.496511266569E+00
  0.192572711222E+01  0.457266753402E+00
  0.198834695381E+01  0.419210493465E+00
  0.205300303643E+01  0.382544023488E+00
  0.211976157356E+01  0.347439964334E+00
  0.218869093177E+01  0.314041927761E+00
  0.225986170076E+01  0.282464714190E+00
  0.233334676560E+01  0.252794778927E+00
  0.240922138143E+01  0.225090959232E+00
  0.248756325048E+01  0.199385470580E+00
  0.256845260168E+01  0.175685194783E+00
  0.265197227278E+01  0.153973279142E+00
  0.273820779523E+01  0.134211060987E+00
  0.282724748173E+01  0.116340306965E+00
  0.291918251672E+01  0.100285727007E+00
  0.301410704970E+01  0.859576995403E-01
  0.311211829167E+01  0.732551240564E-01
  0.321331661473E+01  0.620683084300E-01
  0.331780565480E+01  0.522817988929E-01
  0.342569241778E+01  0.437770684215E-01
  0.353708738915E+01  0.364349919713E-01
  0.365210464709E+01  0.301380532628E-01
  0.377086197933E+01  0.247722484625E-01
  0.389348100375E+01  0.202286801185E-01
  0.402008729294E+01  0.164048743614E-01
  0.415081050282E+01  0.132059039989E-01
  0.428578450536E+01  0.105454247443E-01
  0.442514752575E+01  0.834661392205E-02
  0.456904228390E+01  0.654261953011E-02
  0.471761614060E+01  0.507584149663E-02
  0.487102124848E+01  0.389602963450E-02
  0.502941470777E+01  0.295831757424E-02
  0.519295872721E+01  0.222220309439E-02
  0.536182079017E+01  0.165142333780E-02
  0.553617382616E+01  0.121414880459E-02
  0.571619638792E+01  0.883079680283E-03
  0.590207283429E+01  0.635314361436E-03
  0.609399351899E+01  0.452020116799E-03
  0.629215498558E+01  0.317982907145E-03
  0.649676016870E+01  0.221107971348E-03
  0.670801860195E+01  0.151922404243E-03
  0.692614663243E+01  0.103111106454E-03
  0.715136764229E+01  0.691025231257E-04
  0.738391227754E+01  0.457105587706E-04
  0.762401868420E+01  0.298328228454E-04
  0.787193275221E+01  0.192017471568E-04
  0.812790836724E+01  0.121832151237E-04
  0.839220767069E+01  0.761653114422E-05
  0.866510132814E+01  0.468942755277E-05
  0.894686880655E+01  0.284209263372E-05
  0.923779866043E+01  0.169473111683E-05
  0.953818882738E+01  0.993835121150E-06
  0.984834693318E+01  0.572901479567E-06
  0.101685906068E+02  0.324374330400E-06
  0.104992478058E+02  0.180279896750E-06
  0.108406571521E+02  0.982935920340E-07
  0.111931682785E+02  0.525428965077E-07
  0.115571421874E+02  0.275193580445E-07
  0.119329516198E+02  0.141127996001E-07
  0.123209814374E+02  0.708180555225E-08
  0.127216290166E+02  0.347477042835E-08
  0.131353046557E+02  0.166588335687E-08
  0.135624319945E+02  0.779783237836E-09
  0.140034484488E+02  0.356104643247E-09
  0.144588056580E+02  0.158528818822E-09
  0.149289699477E+02  0.687395291315E-10
  0.154144228072E+02  0.290069232105E-10
  0.159156613826E+02  0.119017382689E-10
  0.164331989861E+02  0.474391615015E-11
  0.169675656213E+02  0.183515519047E-11
  0.175193085264E+02  0.688328457768E-12
  0.180889927343E+02  0.250074828597E-12
  0.186772016515E+02  0.879114737151E-13
  0.192845376553E+02  0.298715553743E-13
  0.199116227108E+02  0.980002289906E-14
  0.205590990080E+02  0.310068786298E-14
  0.212276296190E+02  0.945016515159E-15
  0.219178991778E+02  0.277104311851E-15
  0.226306145806E+02  0.780773023837E-16
  0.233665057102E+02  0.211116153618E-16
  0.241263261836E+02  0.547082322590E-17
  0.249108541233E+02  0.135681048473E-17
  0.257208929544E+02  0.321589978028E-18
  0.265572722275E+02  0.727385008781E-19
  0.274208484681E+02  0.156763898340E-19
  0.283125060536E+02  0.321416385831E-20
  0.292331581194E+02  0.625934728818E-21
  0.301837474936E+02  0.115586159754E-21
  0.311652476629E+02  0.202046950876E-22
  0.321786637691E+02  0.333732905768E-23
  0.332250336389E+02  0.519939331417E-24
  0.343054288465E+02  0.762597448212E-25
  0.354209558111E+02  0.105095460115E-25
  0.365727569295E+02  0.135815886580E-26
  0.377620117470E+02  0.164316241379E-27
  0.389899381643E+02  0.192778347149E-28
  0.402577936855E+02  0.000000000000E+00
  0.415668767052E+02  0.000000000000E+00
  0.429185278390E+02  0.000000000000E+00
  0.443141312957E+02  0.000000000000E+00
  0.457551162952E+02  0.000000000000E+00
  0.472429585320E+02  0.000000000000E+00
  0.487791816867E+02  0.000000000000E+00
& 1 = L
  0.687732028097E-04  0.712050761350E-08
  0.710095357969E-04  0.759111904034E-08
  0.733185887539E-04  0.809283430501E-08
  0.757027263526E-04  0.862770913476E-08
  0.781643901584E-04  0.919793512473E-08
  0.807061011301E-04  0.980584871787E-08
  0.833304622017E-04  0.104539407782E-07
  0.860401609484E-04  0.111448667970E-07
  0.888379723385E-04  0.118814577732E-07
  0.917267615753E-04  0.126667318134E-07
  0.947094870315E-04  0.135039064979E-07
  0.977892032785E-04  0.143964120647E-07
  0.100969064215E-03  0.153479054645E-07
  0.104252326296E-03  0.163622853445E-07
  0.107642351870E-03  0.174437080230E-07
  0.111142612618E-03  0.185966045190E-07
  0.114756693113E-03  0.198256987086E-07
  0.118488294490E-03  0.211360266799E-07
  0.122341238235E-03  0.225329573681E-07
  0.126319470098E-03  0.240222145543E-07
  0.130427064137E-03  0.256099003179E-07
  0.134668226887E-03  0.273025200394E-07
  0.139047301669E-03  0.291070090554E-07
  0.143568773039E-03  0.310307610755E-07
  0.148237271378E-03  0.330816584773E-07
  0.153057577636E-03  0.352681046034E-07
  0.158034628229E-03  0.375990581937E-07
  0.163173520091E-03  0.400840700923E-07
  0.168479515896E-03  0.427333223816E-07
  0.173958049448E-03  0.455576701020E-07
  0.179614731244E-03  0.485686857297E-07
  0.185455354220E-03  0.517787065932E-07
  0.191485899685E-03  0.552008854245E-07
  0.197712543444E-03  0.588492442512E-07
  0.204141662124E-03  0.627387318500E-07
  0.210779839705E-03  0.668852849979E-07
  0.217633874261E-03  0.713058937714E-07
  0.224710784922E-03  0.760186711618E-07
  0.232017819063E-03  0.810429272909E-07
  0.239562459725E-03  0.863992485324E-07
  0.247352433280E-03  0.921095818624E-07
  0.255395717341E-03  0.981973247849E-07
  0.263700548935E-03  0.104687421200E-06
  0.272275432934E-03  0.111606463611E-06
  0.281129150769E-03  0.118982802080E-06
  0.290270769420E-03  0.126846660394E-06
  0.299709650705E-03  0.135230259901E-06
  0.309455460862E-03  0.144167951535E-06
  0.319518180452E-03  0.153696356561E-06
  0.329908114580E-03  0.163854516635E-06
  0.340635903446E-03  0.174684053765E-06
  0.351712533243E-03  0.186229340854E-06
  0.363149347409E-03  0.198537683519E-06
  0.374958058240E-03  0.211659513912E-06
  0.387150758888E-03  0.225648597367E-06
  0.399739935744E-03  0.240562252693E-06
  0.412738481225E-03  0.256461587035E-06
  0.426159706978E-03  0.273411746251E-06
  0.440017357510E-03  0.291482181841E-06
  0.454325624267E-03  0.310746935514E-06
  0.469099160165E-03  0.331284942570E-06
  0.484353094594E-03  0.353180355324E-06
  0.500103048917E-03  0.376522887915E-06
  0.516365152463E-03  0.401408183891E-06
  0.533156059048E-03  0.427938208108E-06
  0.550492964027E-03  0.456221664507E-06
  0.568393621905E-03  0.486374441525E-06
  0.586876364520E-03  0.518520086929E-06
  0.605960119817E-03  0.552790314036E-06
  0.625664431228E-03  0.589325541397E-06
  0.646009477690E-03  0.628275468139E-06
  0.667016094308E-03  0.669799687340E-06
  0.688705793693E-03  0.714068339941E-06
  0.711100787993E-03  0.761262811877E-06
  0.734224011639E-03  0.811576477278E-06
  0.758099144833E-03  0.865215490794E-06
  0.782750637796E-03  0.922399632289E-06
  0.808203735814E-03  0.983363207352E-06
  0.834484505081E-03  0.104835600733E-05
  0.861619859402E-03  0.111764433283E-05
  0.889637587751E-03  0.119151208480E-05
  0.918566382730E-03  0.127026192783E-05
  0.948435869953E-03  0.135421653022E-05
  0.979276638386E-03  0.144371988609E-05
  0.101112027167E-02  0.153913872484E-05
  0.104399938047E-02  0.164086401375E-05
  0.107794763586E-02  0.174931255989E-05
  0.111299980383E-02  0.186492871795E-05
  0.114919178085E-02  0.198818621086E-05
  0.118656063069E-02  0.211959007082E-05
  0.122514462229E-02  0.225967870853E-05
  0.126498326904E-02  0.240902611925E-05
  0.130611736920E-02  0.256824423462E-05
  0.134858904769E-02  0.273798542992E-05
  0.139244179920E-02  0.291894519702E-05
  0.143772053279E-02  0.311186499401E-05
  0.148447161784E-02  0.331753528315E-05
  0.153274293155E-02  0.353679876960E-05
  0.158258390796E-02  0.377055385415E-05
  0.163404558858E-02  0.401975831423E-05
  0.168718067468E-02  0.428543322812E-05
  0.174204358122E-02  0.456866715850E-05
  0.179869049261E-02  0.487062061252E-05
  0.185717942025E-02  0.519253079664E-05
  0.191757026190E-02  0.553571668565E-05
  0.197992486306E-02  0.590158442669E-05
  0.204430708030E-02  0.629163310050E-05
  0.211078284663E-02  0.670746086328E-05
  0.217942023905E-02  0.715077149454E-05
  0.225028954823E-02  0.762338137759E-05
  0.232346335055E-02  0.812722694143E-05
  0.239901658238E-02  0.866437259434E-05
  0.247702661683E-02  0.923701918184E-05
  0.255757334298E-02  0.984751300350E-05
  0.264073924773E-02  0.104983554257E-04
  0.272660950022E-02  0.111922131295E-04
  0.281527203911E-02  0.119319290359E-04
  0.290681766258E-02  0.127205339529E-04
  0.300134012134E-02  0.135612589921E-04
  0.309893621466E-02  0.144575488062E-04
  0.319970588946E-02  0.154130757007E-04
  0.330375234270E-02  0.164317546784E-04
  0.341118212703E-02  0.175177594780E-04
  0.352210525994E-02  0.186755396722E-04
  0.363663533642E-02  0.199098388960E-04
  0.375488964526E-02  0.212257142789E-04
  0.387698928922E-02  0.226285571612E-04
  0.400305930900E-02  0.241241151796E-04
  0.413322881132E-02  0.257185158109E-04
  0.426763110112E-02  0.274182914722E-04
  0.440640381809E-02  0.292304062790E-04
  0.454968907762E-02  0.311622845709E-04
  0.469763361634E-02  0.332218413218E-04
  0.485038894238E-02  0.354175145597E-04
  0.500811149055E-02  0.377582999272E-04
  0.517096278251E-02  0.402537875253E-04
  0.533910959222E-02  0.429142011916E-04
  0.551272411671E-02  0.457504403714E-04
  0.569198415242E-02  0.487741247560E-04
  0.587707327729E-02  0.519976418678E-04
  0.606818103877E-02  0.554341977894E-04
  0.626550314789E-02  0.590978712417E-04
  0.646924167974E-02  0.630036712337E-04
  0.667960528038E-02  0.671675985192E-04
  0.689680938052E-02  0.716067111113E-04
  0.712107641614E-02  0.763391941223E-04
  0.735263605628E-02  0.813844342146E-04
  0.759172543825E-02  0.867630989670E-04
  0.783858941046E-02  0.924972214789E-04
  0.809348078320E-02  0.986102905603E-04
  0.835666058750E-02  0.105127346873E-03
  0.862839834249E-02  0.112075085418E-03
  0.890897233137E-02  0.119481964782E-03
  0.919866988642E-02  0.127378323600E-03
  0.949778768325E-02  0.135796504689E-03
  0.980663204462E-02  0.144770987385E-03
  0.101255192542E-01  0.154338528592E-03
  0.104547758802E-01  0.164538313150E-03
  0.107947391104E-01  0.175412114102E-03
  0.111457570967E-01  0.187004463538E-03
  0.115081893122E-01  0.199362834695E-03
  0.118824069192E-01  0.212537836064E-03
  0.122687931492E-01  0.226583418274E-03
  0.126677436955E-01  0.241557094623E-03
  0.130796671184E-01  0.257520176122E-03
  0.135049852633E-01  0.274538022020E-03
  0.139441336932E-01  0.292680306821E-03
  0.143975621346E-01  0.312021304879E-03
  0.148657349377E-01  0.332640193713E-03
  0.153491315524E-01  0.354621377279E-03
  0.158482470190E-01  0.378054830494E-03
  0.163635924756E-01  0.403036466417E-03
  0.168956956807E-01  0.429668527543E-03
  0.174451015546E-01  0.458060002818E-03
  0.180123727370E-01  0.488327072021E-03
  0.185980901630E-01  0.520593579315E-03
  0.192028536585E-01  0.554991537868E-03
  0.198272825543E-01  0.591661667557E-03
  0.204720163199E-01  0.630753967906E-03
  0.211377152192E-01  0.672428328557E-03
  0.218250609860E-01  0.716855179692E-03
  0.225347575224E-01  0.764216185006E-03
  0.232675316197E-01  0.814704979981E-03
  0.240241337025E-01  0.868527958374E-03
  0.248053385977E-01  0.925905110051E-03
  0.256119463271E-01  0.987070913448E-03
  0.264447829277E-01  0.105227528619E-02
  0.273047012968E-01  0.112178459758E-02
  0.281925820661E-01  0.119588274693E-02
  0.291093345030E-01  0.127487231195E-02
  0.300558974421E-01  0.135907577158E-02
  0.310332402466E-01  0.144883680816E-02
  0.320423638010E-01  0.154452169377E-02
  0.330843015359E-01  0.164652076622E-02
  0.341601204866E-01  0.175525000020E-02
  0.352709223857E-01  0.187115267968E-02
  0.364178447915E-01  0.199470117786E-02
  0.376020622527E-01  0.212639885129E-02
  0.388247875115E-01  0.226678205536E-02
  0.400872727454E-01  0.241642228859E-02
  0.413908108496E-01  0.257592847362E-02
  0.427367367610E-01  0.274594938334E-02
  0.441264288253E-01  0.292717622083E-02
  0.455613102087E-01  0.312034536262E-02
  0.470428503551E-01  0.332624127485E-02
  0.485725664911E-01  0.354569961275E-02
  0.501520251797E-01  0.377961051425E-02
  0.517828439245E-01  0.402892209913E-02
  0.534666928266E-01  0.429464418555E-02
  0.552052962942E-01  0.457785223660E-02
  0.570004348093E-01  0.487969154973E-02
  0.588539467506E-01  0.520138170301E-02
  0.607677302763E-01  0.554422127213E-02
  0.627437452680E-01  0.590959283313E-02
  0.647840153376E-01  0.629896826624E-02
  0.668906299000E-01  0.671391437654E-02
  0.690657463126E-01  0.715609884813E-02
  0.713115920848E-01  0.762729654841E-02
  0.736304671587E-01  0.812939620008E-02
  0.760247462651E-01  0.866440743834E-02
  0.784968813551E-01  0.923446827140E-02
  0.810494041110E-01  0.984185296241E-02
  0.836849285392E-01  0.104889803511E-01
  0.864061536469E-01  0.111784226332E-01
  0.892158662065E-01  0.119129146161E-01
  0.921169436092E-01  0.126953634670E-01
  0.951123568117E-01  0.135288589724E-01
  0.982051733789E-01  0.144166843225E-01
  0.101398560625E+00  0.153623274370E-01
  0.104695788858E+00  0.163694928440E-01
  0.108100234728E+00  0.174421141235E-01
  0.111615384684E+00  0.185843669231E-01
  0.115244838548E+00  0.198006825512E-01
  0.118992313197E+00  0.210957621490E-01
  0.122861646372E+00  0.224745914359E-01
  0.126856800610E+00  0.239424560221E-01
  0.130981867297E+00  0.255049572692E-01
  0.135241070862E+00  0.271680286771E-01
  0.139638773101E+00  0.289379527639E-01
  0.144179477646E+00  0.308213783951E-01
  0.148867834575E+00  0.328253385068E-01
  0.153708645176E+00  0.349572681520E-01
  0.158706866861E+00  0.372250227855E-01
  0.163867618246E+00  0.396368966799E-01
  0.169196184391E+00  0.422016413487E-01
  0.174698022215E+00  0.449284838236E-01
  0.180378766079E+00  0.478271446083E-01
  0.186244233562E+00  0.509078550988E-01
  0.192300431415E+00  0.541813742241E-01
  0.198553561714E+00  0.576590040220E-01
  0.205010028210E+00  0.613526038203E-01
  0.211676442890E+00  0.652746026419E-01
  0.218559632744E+00  0.694380093992E-01
  0.225666646762E+00  0.738564203784E-01
  0.233004763145E+00  0.785440234474E-01
  0.240581496767E+00  0.835155983467E-01
  0.248404606864E+00  0.887865123358E-01
  0.256482104986E+00  0.943727103828E-01
  0.264822263195E+00  0.100290698983E+00
  0.273433622544E+00  0.106557522589E+00
  0.282325001815E+00  0.113190731518E+00
  0.291505506559E+00  0.120208340095E+00
  0.300984538415E+00  0.127628773636E+00
  0.310771804740E+00  0.135470802792E+00
  0.320877328549E+00  0.143753463578E+00
  0.331311458783E+00  0.152495961348E+00
  0.342084880902E+00  0.161717556777E+00
  0.353208627831E+00  0.171437431833E+00
  0.364694091260E+00  0.181674533597E+00
  0.376553033308E+00  0.192447393668E+00
  0.388797598566E+00  0.203773920870E+00
  0.401440326540E+00  0.215671164895E+00
  0.414494164488E+00  0.228155048565E+00
  0.427972480680E+00  0.241240066469E+00
  0.441889078091E+00  0.254938947861E+00
  0.456258208533E+00  0.269262282005E+00
  0.471094587249E+00  0.284218104489E+00
  0.486413407989E+00  0.299811443562E+00
  0.502230358564E+00  0.316043826263E+00
  0.518561636913E+00  0.332912744977E+00
  0.535423967692E+00  0.350411086213E+00
  0.552834619402E+00  0.368526524814E+00
  0.570811422071E+00  0.387240888499E+00
  0.589372785517E+00  0.406529499738E+00
  0.608537718197E+00  0.426360504343E+00
  0.628325846676E+00  0.446694199018E+00
  0.648757435729E+00  0.467482373300E+00
  0.669853409087E+00  0.488667684935E+00
  0.691635370871E+00  0.510183091683E+00
  0.714125627712E+00  0.531951366783E+00
  0.737347211600E+00  0.553884729668E+00
  0.761323903465E+00  0.575884627892E+00
  0.786080257535E+00  0.597841710288E+00
  0.811641626479E+00  0.619636034766E+00
  0.838034187374E+00  0.641137556496E+00
  0.865284968508E+00  0.662206942792E+00
  0.893421877062E+00  0.682696759125E+00
  0.922473727689E+00  0.702453065501E+00
  0.952470272023E+00  0.721317452745E+00
  0.983442229146E+00  0.739129532966E+00
  0.101542131705E+01  0.755729876218E+00
  0.104844028511E+01  0.770963354827E+00
  0.108253294765E+01  0.784682816650E+00
  0.111773421852E+01  0.796752957679E+00
  0.115408014690E+01  0.807054202222E+00
  0.119160795419E+01  0.815486325634E+00
  0.123035607217E+01  0.821971471576E+00
  0.127036418227E+01  0.826456126225E+00
  0.131167325631E+01  0.828911521225E+00
  0.135432559838E+01  0.829331854014E+00
  0.139836488821E+01  0.827729650960E+00
  0.144383622588E+01  0.824127572256E+00
  0.149078617801E+01  0.818545989796E+00
  0.153926282547E+01  0.810985787087E+00
  0.158931581256E+01  0.801406065045E+00
  0.164099639793E+01  0.789696823205E+00
  0.169435750700E+01  0.775723135129E+00
  0.174945378622E+01  0.759573523965E+00
  0.180634165900E+01  0.741409052218E+00
  0.186507938348E+01  0.721398605680E+00
  0.192572711222E+01  0.699718016420E+00
  0.198834695381E+01  0.676549219132E+00
  0.205300303643E+01  0.652079408150E+00
  0.211976157356E+01  0.626500141398E+00
  0.218869093177E+01  0.600006321429E+00
  0.225986170076E+01  0.572794975320E+00
  0.233334676560E+01  0.545063760702E+00
  0.240922138143E+01  0.517009149604E+00
  0.248756325048E+01  0.488824284696E+00
  0.256845260168E+01  0.460696753569E+00
  0.265197227278E+01  0.432805191820E+00
  0.273820779523E+01  0.405317845072E+00
  0.282724748173E+01  0.378389235018E+00
  0.291918251672E+01  0.352158086913E+00
  0.301410704970E+01  0.326745415231E+00
  0.311211829167E+01  0.302253040854E+00
  0.321331661473E+01  0.278762574863E+00
  0.331780565480E+01  0.256334876890E+00
  0.342569241778E+01  0.235009978524E+00
  0.353708738915E+01  0.214807454321E+00
  0.365210464709E+01  0.195727229259E+00
  0.377086197933E+01  0.177750852195E+00
  0.389348100375E+01  0.160843390079E+00
  0.402008729294E+01  0.144956402956E+00
  0.415081050282E+01  0.130033047883E+00
  0.428578450536E+01  0.116017031920E+00
  0.442514752575E+01  0.102866470603E+00
  0.456904228390E+01  0.905688425214E-01
  0.471761614060E+01  0.791457771891E-01
  0.487102124848E+01  0.686391823161E-01
  0.502941470777E+01  0.590868371089E-01
  0.519295872721E+01  0.505037411053E-01
  0.536182079017E+01  0.428761202975E-01
  0.553617382616E+01  0.361647454499E-01
  0.571619638792E+01  0.303120055697E-01
  0.590207283429E+01  0.252491433332E-01
  0.609399351899E+01  0.209021656666E-01
  0.629215498558E+01  0.171961417714E-01
  0.649676016870E+01  0.140580951563E-01
  0.670801860195E+01  0.114188240035E-01
  0.692614663243E+01  0.921396088706E-02
  0.715136764229E+01  0.738451463558E-02
  0.738391227754E+01  0.587706816961E-02
  0.762401868420E+01  0.464375086669E-02
  0.787193275221E+01  0.364206426226E-02
  0.812790836724E+01  0.283461310471E-02
  0.839220767069E+01  0.218877647467E-02
  0.866510132814E+01  0.167634276171E-02
  0.894686880655E+01  0.127312555910E-02
  0.923779866043E+01  0.958572955745E-03
  0.953818882738E+01  0.715386907415E-03
  0.984834693318E+01  0.529056197429E-03
  0.101685906068E+02  0.387473267968E-03
  0.104992478058E+02  0.280938033526E-03
  0.108406571521E+02  0.201591396792E-03
  0.111931682785E+02  0.143114804167E-03
  0.115571421874E+02  0.100484995425E-03
  0.119329516198E+02  0.697540404018E-04
  0.123209814374E+02  0.478553767524E-04
  0.127216290166E+02  0.324355498468E-04
  0.131353046557E+02  0.217105573129E-04
  0.135624319945E+02  0.143451094239E-04
  0.140034484488E+02  0.935271700948E-05
  0.144588056580E+02  0.601428931839E-05
  0.149289699477E+02  0.381283976305E-05
  0.154144228072E+02  0.238193023715E-05
  0.159156613826E+02  0.146560701937E-05
  0.164331989861E+02  0.887766767140E-06
  0.169675656213E+02  0.529115868085E-06
  0.175193085264E+02  0.310129889945E-06
  0.180889927343E+02  0.178665312482E-06
  0.186772016515E+02  0.101110375509E-06
  0.192845376553E+02  0.561768201854E-07
  0.199116227108E+02  0.306241032311E-07
  0.205590990080E+02  0.163698521503E-07
  0.212276296190E+02  0.857477776141E-08
  0.219178991778E+02  0.439855753347E-08
  0.226306145806E+02  0.220805653596E-08
  0.233665057102E+02  0.108396735072E-08
  0.241263261836E+02  0.520010326821E-09
  0.249108541233E+02  0.243596411294E-09
  0.257208929544E+02  0.111341164780E-09
  0.265572722275E+02  0.496156248713E-10
  0.274208484681E+02  0.215377131603E-10
  0.283125060536E+02  0.909972079218E-11
  0.292331581194E+02  0.373870164391E-11
  0.301837474936E+02  0.149238991962E-11
  0.311652476629E+02  0.578234815038E-12
  0.321786637691E+02  0.217252630845E-12
  0.332250336389E+02  0.790732377014E-13
  0.343054288465E+02  0.278514857731E-13
  0.354209558111E+02  0.948326181473E-14
  0.365727569295E+02  0.311801923967E-14
  0.377620117470E+02  0.988819874947E-15
  0.389899381643E+02  0.302108279786E-15
  0.402577936855E+02  0.888154128859E-16
  0.415668767052E+02  0.250928828135E-16
  0.429185278390E+02  0.680437139117E-17
  0.443141312957E+02  0.176856637872E-17
  0.457551162952E+02  0.440000013782E-18
  0.472429585320E+02  0.104632087404E-18
  0.487791816867E+02  0.237476768674E-19
&
